Temperature	Field	Energy	Magnetization	SpecificHeat	Susceptibility	M_x
0.1	0	-1.94736	0.971984	0.00109804	0.000177816	0.971578
0.105	0	-1.94764	0.974185	0.00118757	0.000114095	0.96822
0.11	0	-1.94527	0.975409	0.00158602	2.73146e-05	0.975203
0.115	0	-1.94394	0.972998	0.0008253	4.49787e-05	0.972616
0.12	0	-1.93864	0.969786	0.00119142	0.000128766	0.959643
0.125	0	-1.93801	0.966041	0.0010039	0.000236756	0.915459
0.13	0	-1.93441	0.961763	0.00127848	0.000123085	0.961269
0.135	0	-1.93156	0.964418	0.00189333	0.00011037	0.96288
0.14	0	-1.92578	0.954926	0.000957625	0.000346735	0.952801
0.145	0	-1.92943	0.961672	0.000719301	0.000168031	0.956978
0.15	0	-1.92391	0.959291	0.000911038	0.000187466	0.958341
0.155	0	-1.91779	0.94085	0.00147028	0.000852129	0.918717
0.16	0	-1.916	0.955944	0.0012672	0.000278745	0.952911
0.165	0	-1.91498	0.958587	0.00121255	7.79807e-05	0.956246
0.17	0	-1.91311	0.954224	0.00113889	0.000286421	0.949633
0.175	0	-1.91272	0.95951	0.00118698	7.52398e-05	0.95159
0.18	0	-1.90975	0.957043	0.00109176	0.000114962	0.954673
0.185	0	-1.90426	0.940857	0.00135703	0.000299142	0.896702
0.19	0	-1.90126	0.943816	0.00118922	0.000135994	0.943442
0.195	0	-1.90032	0.953793	0.00151312	0.000143274	0.946633
0.2	0	-1.89601	0.946241	0.00119606	0.000241388	0.913709
0.205	0	-1.89132	0.942639	0.00134634	0.000280965	0.690858
0.21	0	-1.89183	0.943424	0.00114282	0.000140002	0.867661
0.215	0	-1.88996	0.948771	0.00143073	0.000179468	0.941117
0.22	0	-1.88786	0.943474	0.000896643	9.69357e-05	0.927718
0.225	0	-1.88826	0.945764	0.000802704	0.00035266	0.638575
0.23	0	-1.88454	0.950252	0.00155592	0.000228463	0.947201
0.235	0	-1.87712	0.934365	0.00151318	0.00047839	0.916789
0.24	0	-1.87625	0.942612	0.00105021	0.000243496	0.656338
0.245	0	-1.87159	0.935187	0.000754642	0.000189758	0.870231
0.25	0	-1.868	0.922877	0.00100391	0.000185144	0.762298
0.255	0	-1.87111	0.939962	0.000966764	0.000156181	0.812681
0.26	0	-1.86618	0.9313	0.00128584	0.000178939	0.866503
0.265	0	-1.85984	0.926099	0.00103832	0.000561471	0.925264
0.27	0	-1.85935	0.916807	0.000839733	0.000393341	0.869177
0.275	0	-1.85284	0.910265	0.00126887	0.000976001	0.831942
0.28	0	-1.85456	0.926068	0.00123569	0.00014929	0.911809
0.285	0	-1.85512	0.919005	0.00154148	0.000491098	0.875225
0.29	0	-1.85395	0.918638	0.0009435	0.00079021	0.665205
0.295	0	-1.84934	0.926237	0.00148348	0.000151735	0.786684
0.3	0	-1.8443	0.913639	0.00164778	0.0004288	0.905816
0.305	0	-1.83791	0.919325	0.00100026	0.000143739	0.90278
0.31	0	-1.83834	0.915473	0.000964543	0.000148681	0.893416
0.315	0	-1.83661	0.91225	0.00178618	0.000531694	0.910311
0.32	0	-1.83461	0.920733	0.00107553	0.000216371	0.884452
0.325	0	-1.82518	0.903862	0.00134178	0.000339493	0.835623
0.33	0	-1.82336	0.885581	0.00129666	0.00035618	0.757276
0.335	0	-1.82461	0.911284	0.00147539	0.000385741	0.905922
0.34	0	-1.82754	0.913651	0.00122136	0.000386921	0.90113
0.345	0	-1.82061	0.905197	0.000848902	0.000420624	0.784522
0.35	0	-1.81641	0.905153	0.00141096	0.00028846	0.816247
0.355	0	-1.81358	0.901014	0.00121205	0.000289559	0.892225
0.36	0	-1.81098	0.907325	0.00115639	0.000368712	0.899847
0.365	0	-1.80747	0.89867	0.00105384	0.000133585	0.897048
0.37	0	-1.80486	0.907005	0.000865012	0.000167384	0.904364
0.375	0	-1.80726	0.897463	0.00131684	0.000544924	0.840746
0.38	0	-1.79889	0.885227	0.00146618	0.000395818	0.4516
0.385	0	-1.79849	0.899606	0.00133341	0.000276366	0.860093
0.39	0	-1.79387	0.892133	0.00172074	0.000212714	0.614912
0.395	0	-1.79436	0.887523	0.00122006	0.000410593	0.797151
0.4	0	-1.7864	0.884255	0.00123787	0.000339024	0.878536
0.405	0	-1.79016	0.890914	0.00133325	0.00116549	0.798898
0.41	0	-1.78123	0.87875	0.00122535	0.0004472	0.857054
0.415	0	-1.782	0.900373	0.00102327	0.000139788	0.713069
0.42	0	-1.77907	0.888404	0.00105664	0.000476103	0.871955
0.425	0	-1.76891	0.865223	0.00150907	0.00035857	0.859725
0.43	0	-1.77127	0.875201	0.00112707	0.000712945	0.839097
0.435	0	-1.76812	0.870259	0.00127279	0.000583761	0.662108
0.44	0	-1.7643	0.88724	0.00117429	0.000489472	0.742647
0.445	0	-1.7688	0.882563	0.00182568	0.00109009	0.8805
0.45	0	-1.75342	0.83762	0.00134818	0.00177617	0.26103
0.455	0	-1.75538	0.848652	0.000889308	0.000687607	0.84054
0.46	0	-1.75171	0.854686	0.00081868	0.000589916	0.838382
0.465	0	-1.74918	0.84424	0.00138617	0.000493361	0.279986
0.47	0	-1.74927	0.857285	0.0015135	0.000896083	0.786231
0.475	0	-1.73987	0.86058	0.000909062	0.0011097	0.849015
0.48	0	-1.73305	0.825716	0.00150323	0.00080698	0.800556
0.485	0	-1.74329	0.874423	0.0010748	0.000543545	0.565103
0.49	0	-1.73396	0.848221	0.00144735	0.000375552	0.811882
0.495	0	-1.7356	0.860559	0.000997892	0.000425569	0.851082
0.5	0	-1.72405	0.796618	0.00106405	0.00210009	0.727903
0.505	0	-1.73	0.865494	0.00167991	0.000808449	0.851968
0.51	0	-1.73376	0.866206	0.00137519	0.000334967	0.739085
0.515	0	-1.72697	0.863352	0.00138586	0.00046448	0.861581
0.52	0	-1.72217	0.841645	0.00190836	0.00168485	0.428751
0.525	0	-1.71917	0.856495	0.00140425	0.000733208	0.514074
0.53	0	-1.71125	0.830263	0.00163743	0.000572322	0.457606
0.535	0	-1.70646	0.836946	0.00118474	0.000350654	0.67551
0.54	0	-1.70904	0.855621	0.00149569	0.000789798	0.511619
0.545	0	-1.70352	0.855114	0.00110471	0.000374208	0.749007
0.55	0	-1.69871	0.852265	0.000973156	0.000500426	0.780372
0.555	0	-1.6986	0.804963	0.00195617	0.00148159	0.790357
0.56	0	-1.69681	0.845545	0.00160837	0.000824737	0.529789
0.565	0	-1.69908	0.851386	0.0020908	0.000454896	0.179099
0.57	0	-1.68247	0.836717	0.00155571	0.000535166	0.358792
0.575	0	-1.68375	0.828502	0.00178783	0.00120703	0.815712
0.58	0	-1.68058	0.82541	0.00113315	0.00040999	0.407706
0.585	0	-1.67745	0.831566	0.00162071	0.000778928	0.790832
0.59	0	-1.67548	0.840124	0.0011067	0.00033012	0.817283
0.595	0	-1.67072	0.823106	0.00118414	0.000918504	-0.0247587
0.6	0	-1.67501	0.833501	0.00146362	0.00104155	0.565787
0.605	0	-1.67017	0.831635	0.00108029	0.000672196	0.807256
0.61	0	-1.66595	0.80538	0.00129923	0.000660465	0.55682
0.615	0	-1.66233	0.80455	0.00161771	0.000930358	0.561181
0.62	0	-1.66346	0.828955	0.00124888	0.000548195	0.721607
0.625	0	-1.6516	0.836283	0.00166094	0.000345948	0.623116
0.63	0	-1.64075	0.814733	0.00125623	0.00101919	0.641704
0.635	0	-1.64976	0.823806	0.00185989	0.00113235	0.819229
0.64	0	-1.63453	0.804253	0.00184806	0.000450045	0.698239
0.645	0	-1.64232	0.819214	0.00189549	0.000779568	0.713441
0.65	0	-1.64284	0.810854	0.00124075	0.00156908	0.759652
0.655	0	-1.64156	0.799002	0.00139172	0.00192978	0.682302
0.66	0	-1.62172	0.798753	0.00145708	0.00109808	0.785692
0.665	0	-1.62594	0.781851	0.00120741	0.00166838	0.59581
0.67	0	-1.61157	0.776951	0.00179803	0.00214324	0.743338
0.675	0	-1.61561	0.797876	0.00168032	0.00086365	0.78608
0.68	0	-1.61526	0.800595	0.00133993	0.000617405	-0.0365837
0.685	0	-1.61091	0.77129	0.00130262	0.00230136	0.741074
0.69	0	-1.6028	0.776478	0.00203149	0.000914422	0.533239
0.695	0	-1.60132	0.802257	0.0013403	0.000541668	0.634422
0.7	0	-1.59634	0.783006	0.00140398	0.000675962	0.559441
0.705	0	-1.59025	0.764781	0.00175933	0.00130638	0.344766
0.71	0	-1.59625	0.785138	0.00138756	0.00203267	-0.231747
0.715	0	-1.59914	0.787424	0.00148657	0.000932756	-0.315288
0.72	0	-1.58747	0.797681	0.00211365	0.00174379	0.766261
0.725	0	-1.57129	0.741911	0.00172594	0.00123407	-0.298259
0.73	0	-1.58133	0.772311	0.00146362	0.000763503	0.3045
0.735	0	-1.58247	0.786202	0.00172874	0.000741968	0.702472
0.74	0	-1.58696	0.798549	0.00129932	0.000816396	0.678564
0.745	0	-1.57686	0.763327	0.00136501	0.000868402	0.58051
0.75	0	-1.55646	0.767833	0.00173949	0.0010248	0.422007
0.755	0	-1.56665	0.778352	0.00154859	0.000911943	0.774853
0.76	0	-1.56249	0.785003	0.00181243	0.000636634	0.752478
0.765	0	-1.57348	0.780232	0.00160849	0.000553234	0.762181
0.77	0	-1.55342	0.77077	0.00171914	0.000623165	0.713635
0.775	0	-1.54906	0.743222	0.00162712	0.0013597	0.716903
0.78	0	-1.54019	0.766961	0.00208342	0.000860348	0.0687583
0.785	0	-1.54442	0.753225	0.00169866	0.000658477	-0.514163
0.79	0	-1.53297	0.750108	0.0017532	0.000815063	0.530156
0.795	0	-1.52781	0.753813	0.00218794	0.000626461	0.591621
0.8	0	-1.52044	0.745364	0.00195339	0.000934133	-0.322133
0.805	0	-1.51801	0.764948	0.00248759	0.000829201	0.694895
0.81	0	-1.51596	0.749404	0.00214931	0.00206142	0.735817
0.815	0	-1.50966	0.706261	0.00138368	0.000805543	0.57294
0.82	0	-1.5222	0.749181	0.00188074	0.00099861	-0.0735159
0.825	0	-1.49283	0.723501	0.0019012	0.00179106	0.715652
0.83	0	-1.49573	0.739112	0.00203298	0.00210652	0.721487
0.835	0	-1.48647	0.73426	0.00153002	0.000953998	-0.119196
0.84	0	-1.48362	0.746381	0.00185067	0.000796299	0.49067
0.845	0	-1.48551	0.673217	0.00171259	0.00150407	0.298318
0.85	0	-1.49562	0.744525	0.00173738	0.000575739	0.652919
0.855	0	-1.47932	0.735626	0.00186477	0.00081713	0.716832
0.86	0	-1.48139	0.750555	0.00200849	0.00128464	0.0886454
0.865	0	-1.46524	0.687558	0.00224484	0.00084768	0.546007
0.87	0	-1.46628	0.720491	0.00207449	0.00151753	0.639311
0.875	0	-1.44605	0.680008	0.00296103	0.00326671	0.594447
0.88	0	-1.44726	0.701678	0.00302059	0.00404161	-0.664098
0.885	0	-1.43696	0.686741	0.00166543	0.00106621	0.541544
0.89	0	-1.45711	0.698605	0.00170704	0.00135839	0.526853
0.895	0	-1.45525	0.725215	0.00119893	0.00109151	0.0186776
0.9	0	-1.44263	0.698749	0.0024113	0.00182681	0.490643
0.905	0	-1.44562	0.705264	0.00198289	0.00109225	0.678788
0.91	0	-1.44541	0.728046	0.00219709	0.000910631	0.695704
0.915	0	-1.43563	0.687558	0.00149811	0.00128077	0.425568
0.92	0	-1.43395	0.695646	0.00168233	0.00137029	0.570871
0.925	0	-1.43171	0.693265	0.00177911	0.00139717	0.603427
0.93	0	-1.408	0.649403	0.00244576	0.00314897	0.634961
0.935	0	-1.40261	0.685609	0.00201376	0.00163898	0.119032
0.94	0	-1.39119	0.631094	0.00462392	0.00390596	-0.173567
0.945	0	-1.39922	0.691846	0.0015402	0.00184697	0.600516
0.95	0	-1.40673	0.689099	0.00248735	0.00103227	0.209579
0.955	0	-1.40276	0.705821	0.00183561	0.00124255	-0.655626
0.96	0	-1.37498	0.627241	0.00286366	0.00464535	-0.597553
0.965	0	-1.39452	0.689552	0.00212601	0.00169149	0.355873
0.97	0	-1.36705	0.623478	0.00221979	0.0033366	0.416174
0.975	0	-1.3469	0.633411	0.00408196	0.00721274	0.631357
0.98	0	-1.33956	0.551519	0.00295251	0.00664179	-0.0586311
0.985	0	-1.35857	0.621333	0.00296575	0.00452579	0.512524
0.99	0	-1.33351	0.596684	0.00229385	0.00245416	0.545048
0.995	0	-1.35127	0.652515	0.00308278	0.00127311	0.633289
1	0	-1.32026	0.556691	0.0037613	0.00998359	0.505236
1.005	0	-1.3404	0.64572	0.00242668	0.00210507	0.506696
1.01	0	-1.3259	0.617543	0.0029262	0.00530146	0.497482
1.015	0	-1.27269	0.435423	0.00429228	0.0205919	0.424209
1.02	0	-1.33379	0.660116	0.00300955	0.00104898	0.118817
1.025	0	-1.33286	0.650403	0.00197829	0.00154824	-0.245862
1.03	0	-1.31868	0.653862	0.00256637	0.00124496	0.634288
1.035	0	-1.29573	0.573167	0.00238511	0.00392028	0.456044
1.04	0	-1.25093	0.484286	0.0026966	0.00336161	0.32036
1.045	0	-1.20732	0.40918	0.00229353	0.0128127	-0.231955
1.05	0	-1.27584	0.56268	0.00310933	0.00778453	-0.0487712
1.055	0	-1.27695	0.581073	0.00311676	0.00294302	-0.225726
1.06	0	-1.21917	0.446206	0.00227287	0.00280373	-0.167898
1.065	0	-1.24506	0.530741	0.00279254	0.00812477	-0.0735797
1.07	0	-1.27081	0.588581	0.00238236	0.00636527	0.170192
1.075	0	-1.23487	0.543638	0.00426843	0.00722333	0.43539
1.08	0	-1.17607	0.435574	0.00303949	0.00872128	-0.13571
1.085	0	-1.20302	0.464807	0.00246069	0.00255946	0.261774
1.09	0	-1.24538	0.564304	0.00177582	0.00199607	0.529671
1.095	0	-1.21913	0.565334	0.00370707	0.0045728	0.221807
1.1	0	-1.20262	0.499036	0.00350822	0.01332	-0.1764
1.105	0	-1.14573	0.257112	0.00299818	0.0162015	0.129961
1.11	0	-1.18947	0.542572	0.00196048	0.00294638	-0.52731
1.115	0	-1.1347	0.405628	0.00502747	0.00481784	-0.290901
1.12	0	-1.19233	0.502768	0.00223553	0.00389326	-0.0340511
1.125	0	-1.1356	0.352132	0.00299211	0.010406	0.289414
1.13	0	-1.11952	0.300791	0.00213848	0.00756834	0.278478
1.135	0	-1.12288	0.348825	0.00260589	0.0165868	-0.286831
1.14	0	-1.14111	0.450023	0.00205611	0.00411867	0.125352
1.145	0	-1.08922	0.310997	0.00268928	0.00772789	-0.0540377
1.15	0	-1.08374	0.271624	0.00275061	0.0146735	0.128324
1.155	0	-1.10638	0.337064	0.00286404	0.0203064	0.0774856
1.16	0	-1.12317	0.307272	0.00417721	0.020647	0.00756413
1.165	0	-1.08105	0.332264	0.00340653	0.0071151	0.0558445
1.17	0	-1.10002	0.33688	0.00238493	0.00899416	0.210584
1.175	0	-1.10119	0.43278	0.00533002	0.0122761	-0.148968
1.18	0	-1.05094	0.170258	0.00216713	0.00485957	-0.0645035
1.185	0	-1.07289	0.283295	0.00238338	0.0166635	-0.021702
1.19	0	-1.04313	0.237445	0.00263416	0.00988719	-0.117019
1.195	0	-1.07273	0.347612	0.00266783	0.00931729	0.129664
1.2	0	-1.11619	0.463007	0.00254712	0.00623517	-0.202349
1.205	0	-1.02885	0.241126	0.00350216	0.010012	0.135029
1.21	0	-1.07915	0.420014	0.0024704	0.00864668	-0.150801
1.215	0	-1.03719	0.302503	0.00170441	0.00481191	-0.0753763
1.22	0	-1.02526	0.232098	0.00226133	0.00915556	-0.153146
1.225	0	-1.00026	0.151031	0.00205968	0.00650977	-0.0148286
1.23	0	-0.989834	0.26862	0.0032335	0.00743312	-0.132821
1.235	0	-1.0156	0.257146	0.00418	0.0075367	-0.178237
1.24	0	-1.0007	0.250823	0.00193	0.0108268	0.0076471
1.245	0	-0.967875	0.132477	0.00264276	0.0041331	0.0616025
1.25	0	-1.01054	0.284513	0.00223142	0.0107012	0.221323
1.255	0	-0.988947	0.20034	0.00213842	0.00702093	-0.112838
1.26	0	-0.984218	0.226009	0.0016405	0.00564988	-0.16107
1.265	0	-0.985076	0.224929	0.00215907	0.00556062	-0.178977
1.27	0	-0.993656	0.226213	0.00210543	0.00761052	0.17903
1.275	0	-0.938786	0.171992	0.00381757	0.00515199	-0.0336587
1.28	0	-0.952182	0.242545	0.00173036	0.00274447	0.201277
1.285	0	-0.942216	0.145995	0.0024279	0.00604423	-0.0464139
1.29	0	-0.969342	0.248285	0.00157753	0.00883533	-0.11586
1.295	0	-0.943787	0.158244	0.00288787	0.00333054	-0.0878062
1.3	0	-0.949583	0.266918	0.00311111	0.00427453	-0.153181
1.305	0	-0.955845	0.188102	0.00185514	0.00365202	-0.0769569
1.31	0	-0.925203	0.152857	0.00263351	0.00263944	-0.0376375
1.315	0	-0.921319	0.1801	0.00235999	0.00519516	-0.089275
1.32	0	-0.913081	0.212076	0.00325661	0.00897284	-0.0422435
1.325	0	-0.925395	0.16049	0.00161802	0.00337256	0.0760138
1.33	0	-0.925182	0.175502	0.00136303	0.00518165	0.126711
1.335	0	-0.893879	0.155679	0.00225743	0.00438114	-0.11479
1.34	0	-0.914994	0.209979	0.00198422	0.00483697	0.06977
1.345	0	-0.917843	0.225408	0.00381969	0.0149526	0.0294363
1.35	0	-0.907354	0.202062	0.00181605	0.00536888	0.0128362
1.355	0	-0.906654	0.238888	0.00206823	0.00413732	0.183219
1.36	0	-0.886224	0.161413	0.00191511	0.00483507	0.0290583
1.365	0	-0.891403	0.164134	0.00214044	0.00283186	0.0917221
1.37	0	-0.88682	0.239013	0.00245701	0.00805246	0.0866765
1.375	0	-0.889283	0.192775	0.00224583	0.0039766	-0.0662532
1.38	0	-0.871069	0.200116	0.00232882	0.00539031	0.0199544
1.385	0	-0.872271	0.12935	0.00196653	0.00220131	-0.0499016
1.39	0	-0.871677	0.181333	0.00280926	0.0092137	-0.0914018
1.395	0	-0.828814	0.109198	0.00190355	0.0019271	-0.0224355
1.4	0	-0.855925	0.1165	0.00203993	0.00204013	-0.00049263
1.405	0	-0.859079	0.189552	0.00157837	0.00402117	0.0919188
1.41	0	-0.84665	0.161871	0.00158994	0.00416977	0.107424
1.415	0	-0.849768	0.161453	0.00193974	0.00379476	-0.000601528
1.42	0	-0.833484	0.113898	0.00156323	0.00301994	-0.00578729
1.425	0	-0.835652	0.177395	0.00177598	0.00397146	0.0777688
1.43	0	-0.829458	0.186143	0.00189407	0.00552069	0.0184308
1.435	0	-0.820753	0.1418	0.00213382	0.00241504	0.0320409
1.44	0	-0.779307	0.103044	0.00162156	0.0016525	-0.0518873
1.445	0	-0.811555	0.168796	0.00170724	0.00408492	-0.0988679
1.45	0	-0.801597	0.152963	0.00159039	0.00348362	-0.00223293
1.455	0	-0.805171	0.139045	0.00167314	0.00267683	-0.011578
1.46	0	-0.809911	0.127991	0.00159318	0.00297926	0.0852892
1.465	0	-0.806333	0.188175	0.00188254	0.00573037	-0.0755624
1.47	0	-0.802277	0.152278	0.00170124	0.0026275	-0.0457177
1.475	0	-0.796089	0.113576	0.00130046	0.00174113	-0.0507937
1.48	0	-0.804379	0.178561	0.0015127	0.00386814	-0.0721719
1.485	0	-0.768184	0.15753	0.00142614	0.00228688	0.109695
1.49	0	-0.783553	0.105333	0.00171106	0.00174497	0.0101848
1.495	0	-0.795002	0.156555	0.00210403	0.00543026	0.0711853
1.5	0	-0.768573	0.113778	0.00132714	0.00289378	-0.0129503
1.505	0	-0.780411	0.178582	0.00131861	0.0030961	0.0947716
1.51	0	-0.765827	0.1177	0.00189009	0.00288589	0.00230813
1.515	0	-0.775867	0.122809	0.00107479	0.00228916	-0.0355719
1.52	0	-0.746819	0.105693	0.0013022	0.00189558	-0.0156232
1.525	0	-0.771784	0.136206	0.0016358	0.00279359	0.0038491
1.53	0	-0.75677	0.116422	0.00122993	0.00292163	-0.0393564
1.535	0	-0.757825	0.127409	0.00171039	0.0033117	-0.0518453
1.54	0	-0.771143	0.119453	0.00147675	0.00250929	0.0230472
1.545	0	-0.745816	0.115013	0.00145027	0.00273078	0.00814417
1.55	0	-0.743919	0.10137	0.0014581	0.00213968	-0.0386292
1.555	0	-0.744318	0.11382	0.00152676	0.00216908	-0.0410453
1.56	0	-0.740604	0.129742	0.00190443	0.00231968	0.0440505
1.565	0	-0.718867	0.135097	0.00216732	0.00232763	0.0107908
1.57	0	-0.732536	0.135011	0.00140193	0.00278109	-0.00304357
1.575	0	-0.726079	0.140212	0.00141894	0.0039508	0.085245
1.58	0	-0.732825	0.117822	0.00140205	0.00217511	0.0187811
1.585	0	-0.724911	0.0909328	0.0013805	0.00201931	-0.0166094
1.59	0	-0.700791	0.114066	0.00153465	0.00192553	0.0219332
1.595	0	-0.76404	0.166859	0.0017278	0.00456119	-0.0550169
1.6	0	-0.719523	0.119712	0.00171249	0.00206195	-0.00999592
1.605	0	-0.711731	0.137404	0.00104109	0.0021976	-0.0709081
1.61	0	-0.719959	0.108252	0.00119499	0.00191629	0.0268389
1.615	0	-0.695757	0.115523	0.00119634	0.00175466	0.00313172
1.62	0	-0.720513	0.140165	0.00132312	0.00249801	0.0311688
1.625	0	-0.715723	0.13591	0.00149406	0.00300494	0.0320197
1.63	0	-0.710133	0.138594	0.00141061	0.00185917	-0.0623482
1.635	0	-0.690682	0.123487	0.00149645	0.00154874	-0.013528
1.64	0	-0.698642	0.100135	0.00100103	0.00153974	0.0161631
1.645	0	-0.701999	0.104683	0.00117281	0.00167933	-0.00316061
1.65	0	-0.709201	0.123137	0.00151978	0.0020915	0.0383963
1.655	0	-0.683731	0.0999365	0.001553	0.00158388	-0.0311795
1.66	0	-0.701817	0.135358	0.00114855	0.00205445	0.00504426
1.665	0	-0.690685	0.116474	0.00121453	0.00231454	0.0119675
1.67	0	-0.688657	0.116833	0.001233	0.00218582	-0.0160764
1.675	0	-0.680828	0.106931	0.00115723	0.00231813	0.00716544
1.68	0	-0.676282	0.0972281	0.00097246	0.00114352	-0.0035153
1.685	0	-0.680015	0.0920649	0.00116704	0.0018908	-0.00367848
1.69	0	-0.667085	0.133203	0.00125125	0.00248505	-0.0534261
1.695	0	-0.657318	0.0977473	0.00108044	0.00101126	-0.00507561
1.7	0	-0.656159	0.118204	0.00128978	0.00191323	0.0502626
1.705	0	-0.661773	0.106015	0.00137899	0.00153134	-0.0250843
1.71	0	-0.6501	0.0905162	0.000995613	0.00131598	0.0409248
1.715	0	-0.659997	0.113035	0.00120339	0.00203933	-0.0556302
1.72	0	-0.661855	0.117106	0.00129435	0.00142987	-0.0478555
1.725	0	-0.648774	0.107325	0.0010129	0.00121239	-0.0341006
1.73	0	-0.647517	0.107688	0.00114368	0.00126912	-0.00246364
1.735	0	-0.656735	0.103146	0.00103579	0.0018625	-0.00943785
1.74	0	-0.655577	0.113588	0.00118244	0.00155778	0.0151362
1.745	0	-0.65184	0.107894	0.000809072	0.00184617	-0.0451
1.75	0	-0.642053	0.106028	0.000925671	0.00160586	0.0375146
1.755	0	-0.643915	0.109052	0.000970497	0.00173083	0.031954
1.76	0	-0.644075	0.134916	0.00123992	0.00210851	-0.0320913
1.765	0	-0.643722	0.11507	0.00117536	0.00207615	-0.0344445
1.77	0	-0.639257	0.110255	0.00106441	0.00166644	0.0177042
1.775	0	-0.624006	0.113491	0.00100247	0.00167205	0.00533589
1.78	0	-0.636394	0.0940618	0.000865123	0.00145023	0.00393845
1.785	0	-0.630006	0.120346	0.000991738	0.00230195	0.0116832
1.79	0	-0.6246	0.0993008	0.000990952	0.00162472	-0.0303856
1.795	0	-0.625483	0.0959343	0.00102134	0.000876546	-0.013536
1.8	0	-0.62782	0.120637	0.000775179	0.00171358	0.0429369
1.805	0	-0.619555	0.116133	0.00100235	0.00156568	-0.000345199
1.81	0	-0.606366	0.110195	0.000901227	0.00158408	0.0234451
1.815	0	-0.613273	0.0870001	0.000832631	0.00118821	-0.00220393
1.82	0	-0.616561	0.104185	0.000929454	0.00188019	-0.00140449
1.825	0	-0.615611	0.0837026	0.00127701	0.00122129	-0.0162818
1.83	0	-0.608624	0.102537	0.00115949	0.00116277	0.0277478
1.835	0	-0.611764	0.11323	0.000959526	0.0014088	-0.0111869
1.84	0	-0.609963	0.0843943	0.000929124	0.00123191	-0.021143
1.845	0	-0.60488	0.111872	0.00131513	0.00169583	0.00671847
1.85	0	-0.606834	0.111767	0.00118867	0.0020278	0.00992158
1.855	0	-0.600387	0.0926796	0.000853672	0.00138627	0.0180813
1.86	0	-0.610627	0.0821557	0.000888265	0.00099674	-0.00349591
1.865	0	-0.59931	0.107801	0.000996409	0.00152588	0.00788364
1.87	0	-0.602943	0.086597	0.00102936	0.000849296	-0.00502425
1.875	0	-0.595225	0.0880886	0.000873228	0.00111782	0.0329001
1.88	0	-0.590147	0.0993715	0.00101663	0.00164722	-0.0242625
1.885	0	-0.577898	0.0925504	0.000890328	0.00140451	0.0298448
1.89	0	-0.582591	0.0988741	0.00100767	0.00121435	-0.0218751
1.895	0	-0.581136	0.0760024	0.000855899	0.000788795	0.0125062
1.9	0	-0.575184	0.0903775	0.000838744	0.00120134	0.00914627
1.905	0	-0.585647	0.101058	0.000811071	0.00131235	-0.0230384
1.91	0	-0.577385	0.0896441	0.00093616	0.00104649	0.00414035
1.915	0	-0.581141	0.0894575	0.00109092	0.00124825	-0.0169518
1.92	0	-0.568026	0.0881983	0.000984689	0.00114811	-0.000647448
1.925	0	-0.581353	0.114078	0.000952232	0.0019621	0.0344542
1.93	0	-0.566992	0.0860128	0.000720901	0.00108238	-0.0144505
1.935	0	-0.590237	0.10787	0.00113434	0.00164811	-0.0232042
1.94	0	-0.576812	0.0817039	0.00120341	0.00100171	0.0148277
1.945	0	-0.571914	0.0918594	0.000814609	0.000958691	0.0270453
1.95	0	-0.575477	0.100581	0.000762451	0.00139307	0.00885896
1.955	0	-0.55939	0.0873898	0.000784131	0.00104899	0.0126255
1.96	0	-0.559087	0.0863977	0.000842309	0.000895232	-0.0167052
1.965	0	-0.554	0.0817649	0.00100378	0.000713449	-0.00744376
1.97	0	-0.550898	0.0816318	0.000754045	0.00115853	0.00866181
1.975	0	-0.548455	0.0917504	0.000837685	0.000942869	-0.0163461
1.98	0	-0.555956	0.0971516	0.000792577	0.000960135	0.0153372
1.985	0	-0.546542	0.0879122	0.000709501	0.00108721	0.00922161
1.99	0	-0.552043	0.0879802	0.000722925	0.000888961	0.0266517
1.995	0	-0.550369	0.0941014	0.000949149	0.00135947	-0.0205395
2	0	-0.549396	0.0884573	0.000985618	0.00143503	-0.00595634
2.005	0	-0.549801	0.085367	0.000807157	0.00104777	0.0254298
2.01	0	-0.54268	0.0854815	0.000900126	0.000849656	-0.00776013
2.015	0	-0.533908	0.0860625	0.000676737	0.000857337	-0.000442067
2.02	0	-0.545125	0.0919029	0.000895752	0.00101229	0.0106683
2.025	0	-0.55204	0.0870584	0.000772721	0.000947978	-0.00701604
2.03	0	-0.540387	0.0859503	0.000715023	0.000862519	-0.0122345
2.035	0	-0.538121	0.0870815	0.000796984	0.000917705	0.00908475
2.04	0	-0.530664	0.0953927	0.000713152	0.00129671	-0.00297575
2.045	0	-0.527667	0.0860493	0.000599653	0.000785542	-0.0077257
2.05	0	-0.541391	0.0856395	0.000746428	0.000898059	-0.0148228
2.055	0	-0.530836	0.0789211	0.000773416	0.000944032	-0.0264311
2.06	0	-0.525751	0.0785738	0.000643503	0.000952321	-0.000774852
2.065	0	-0.541038	0.0842473	0.000625766	0.00121094	-0.00590044
2.07	0	-0.521629	0.0757653	0.000589931	0.000695723	0.00941168
2.075	0	-0.518688	0.0976768	0.000702369	0.00112815	-0.000280979
2.08	0	-0.526023	0.0836227	0.000617311	0.000874603	-0.00279779
2.085	0	-0.52558	0.0789086	0.000822248	0.000831825	-0.00650849
2.09	0	-0.520815	0.071618	0.000578049	0.000720476	-0.010205
2.095	0	-0.529917	0.0736647	0.000754653	0.000643646	0.00362873
2.1	0	-0.516705	0.0770712	0.000743135	0.000765994	-0.0033191
2.105	0	-0.518097	0.0839066	0.000669436	0.000913698	0.00669388
2.11	0	-0.517672	0.0782502	0.000604595	0.000639495	0.00762052
2.115	0	-0.5146	0.0759987	0.000719753	0.000854431	0.00380753
2.12	0	-0.506179	0.0830295	0.000785987	0.00114677	-0.00333332
2.125	0	-0.500498	0.090395	0.000694404	0.00135182	-0.00289672
2.13	0	-0.518089	0.0814286	0.00064963	0.00099275	-0.00846761
2.135	0	-0.506833	0.0814145	0.000631217	0.000702996	-0.00222069
2.14	0	-0.505393	0.0846896	0.000664705	0.000982899	-0.0234637
2.145	0	-0.511343	0.0830017	0.000742689	0.000911482	-0.00769051
2.15	0	-0.50292	0.0923825	0.000632705	0.00128632	-0.00410447
2.155	0	-0.484484	0.0855658	0.000658838	0.00073449	0.0166628
2.16	0	-0.504621	0.0841061	0.00073985	0.000644695	-0.00571113
2.165	0	-0.493423	0.0895371	0.000651191	0.00113188	-0.0176292
2.17	0	-0.493343	0.0784945	0.000549818	0.000722244	0.00982864
2.175	0	-0.51218	0.0853323	0.000548851	0.000894724	-0.0141122
2.18	0	-0.482978	0.0822726	0.0006168	0.000943379	0.000770385
2.185	0	-0.484862	0.0725422	0.000550204	0.00067059	-0.0122862
2.19	0	-0.493004	0.0907403	0.000637398	0.00107694	-0.00565521
2.195	0	-0.482215	0.0743622	0.000754069	0.000772313	0.009246
2.2	0	-0.483261	0.0785729	0.000586911	0.000644707	-0.00514779
2.205	0	-0.484629	0.0774269	0.000566992	0.000671432	-0.0165546
2.21	0	-0.4844	0.0899627	0.000588364	0.00117079	0.0215724
2.215	0	-0.482088	0.0924614	0.000658048	0.000958852	-0.0270316
2.22	0	-0.483874	0.0862032	0.000644913	0.00118844	0.00694758
2.225	0	-0.471723	0.0762134	0.00051689	0.000872521	-0.0154294
2.23	0	-0.47922	0.0814652	0.000569679	0.000880272	9.83603e-05
2.235	0	-0.482531	0.0876006	0.000605031	0.00086717	-0.0269314
2.24	0	-0.482054	0.0753458	0.000687563	0.000780435	-0.0226685
2.245	0	-0.479237	0.0933603	0.000663205	0.000935633	0.0270261
2.25	0	-0.461759	0.0767112	0.000655609	0.000628159	0.00983442
2.255	0	-0.470244	0.0764016	0.000533521	0.000744311	0.00330662
2.26	0	-0.476444	0.0788171	0.000563229	0.00071667	0.0159426
2.265	0	-0.483906	0.0789762	0.000732499	0.000793478	0.00797213
2.27	0	-0.463767	0.0597062	0.000571103	0.000412234	0.00214094
2.275	0	-0.465963	0.0809601	0.000539281	0.00062966	0.00454971
2.28	0	-0.454658	0.0625846	0.000525258	0.000505113	-0.00849279
2.285	0	-0.471753	0.0817735	0.000718133	0.000696564	-0.0180804
2.29	0	-0.48407	0.0778734	0.000540093	0.000747519	-0.0130064
2.295	0	-0.462734	0.0794222	0.00054231	0.000668675	0.0215308
2.3	0	-0.469294	0.0899571	0.000568847	0.000899259	0.0328557
2.305	0	-0.468484	0.0836488	0.000554746	0.00102919	0.0233475
2.31	0	-0.472117	0.0766011	0.000582625	0.000657339	-0.00210318
2.315	0	-0.460009	0.0770217	0.00051838	0.000733203	0.0132737
2.32	0	-0.470668	0.0799686	0.000600992	0.000778217	0.0289177
2.325	0	-0.448002	0.0667304	0.000565789	0.000568748	0.00531435
2.33	0	-0.461628	0.07272	0.000604781	0.000584439	-0.00646461
2.335	0	-0.457023	0.0752367	0.000598861	0.000806877	0.0130449
2.34	0	-0.474888	0.0743545	0.00063243	0.000581023	-0.0123071
2.345	0	-0.456759	0.0835008	0.000598144	0.000737183	0.0171949
2.35	0	-0.443793	0.0839869	0.000548791	0.000815786	-0.0169244
2.355	0	-0.453844	0.0793836	0.000539732	0.000691511	-0.00589139
2.36	0	-0.458386	0.0689427	0.000511778	0.000534396	-0.00294231
2.365	0	-0.462609	0.0978175	0.000536172	0.00101384	-0.00115566
2.37	0	-0.443249	0.0786715	0.000481121	0.000649382	-0.00710427
2.375	0	-0.443288	0.0714041	0.000538514	0.000528418	-0.00318645
2.38	0	-0.435049	0.0702361	0.000496493	0.000471441	0.0177752
2.385	0	-0.452219	0.0752254	0.000526998	0.00075376	0.0119892
2.39	0	-0.449459	0.0708225	0.00052836	0.000489156	-0.00446853
2.395	0	-0.440255	0.0767703	0.000611652	0.000651302	0.00813475
2.4	0	-0.442219	0.0749763	0.000601581	0.000518011	-0.00835338
2.405	0	-0.448952	0.0925091	0.000488615	0.000750446	0.0155853
2.41	0	-0.448442	0.0832697	0.000484275	0.000866002	-0.00911461
2.415	0	-0.438909	0.072176	0.000485345	0.00058556	0.0052876
2.42	0	-0.441008	0.0757571	0.000420251	0.000621885	-0.0203459
2.425	0	-0.442006	0.0813089	0.000497536	0.000653425	0.00730534
2.43	0	-0.438998	0.0735771	0.000466028	0.000607677	-0.00311971
2.435	0	-0.440446	0.0804149	0.000586758	0.000671882	-0.0168678
2.44	0	-0.451054	0.0711557	0.000510907	0.000680002	0.00508036
2.445	0	-0.436334	0.0787042	0.000459006	0.000621971	0.0158044
2.45	0	-0.442831	0.0732666	0.000401223	0.000500014	-0.00690338
2.455	0	-0.424478	0.0747303	0.000429055	0.000663827	0.0055185
2.46	0	-0.436446	0.0750839	0.000468138	0.000645451	0.0070525
2.465	0	-0.432552	0.0829715	0.000472008	0.000590348	-0.00282872
2.47	0	-0.427716	0.0669187	0.000439384	0.000451768	0.00666046
2.475	0	-0.423447	0.0760486	0.00048459	0.000465305	-0.00837136
2.48	0	-0.425984	0.0686777	0.000456214	0.000617409	0.0026637
2.485	0	-0.43225	0.0783514	0.000477341	0.000668324	0.0162397
2.49	0	-0.431332	0.0711789	0.000463655	0.000470186	-0.00286125
2.495	0	-0.427244	0.079678	0.000540109	0.000686734	0.00475281
2.5	0	-0.429248	0.0795758	0.000472199	0.000530602	0.000335842
2.505	0	-0.421587	0.0757514	0.000525938	0.00061044	-0.000880418
2.51	0	-0.419727	0.0751882	0.000446687	0.000530664	-0.00431639
2.515	0	-0.415211	0.065806	0.000386107	0.000454259	0.00657277
2.52	0	-0.408862	0.0701691	0.000474378	0.000505742	0.00411297
2.525	0	-0.413802	0.0661318	0.000438253	0.000521936	-0.00719035
2.53	0	-0.424684	0.0693946	0.000552246	0.000470558	-0.00878506
2.535	0	-0.42184	0.0816034	0.000494321	0.000714703	0.00586382
2.54	0	-0.433311	0.0780508	0.00045317	0.000627465	0.000320568
2.545	0	-0.410648	0.0694003	0.000418934	0.00051966	0.00289877
2.55	0	-0.416472	0.0785907	0.000423628	0.000625125	0.00105714
2.555	0	-0.416143	0.0738116	0.000446222	0.000559031	0.0159337
2.56	0	-0.422544	0.0716435	0.000374022	0.000550871	0.016727
2.565	0	-0.410443	0.0757565	0.000425483	0.000541027	0.0112634
2.57	0	-0.42	0.0679078	0.0004044	0.000453971	-0.0109974
2.575	0	-0.408757	0.0707732	0.000507425	0.000572007	-0.0117641
2.58	0	-0.418113	0.0757859	0.000437208	0.000561883	0.0139353
2.585	0	-0.411097	0.0658146	0.000454963	0.000466479	-0.013507
2.59	0	-0.414202	0.0723968	0.00037655	0.000468535	0.014993
2.595	0	-0.406185	0.0680136	0.000344512	0.000433149	0.0204205
2.6	0	-0.407965	0.082266	0.000380707	0.000626977	-0.0010521
2.605	0	-0.401974	0.0746201	0.000404939	0.000564054	-0.0161869
2.61	0	-0.39912	0.0764166	0.000418752	0.000694975	0.0157345
2.615	0	-0.399851	0.0803108	0.00044095	0.000665435	0.00124168
2.62	0	-0.399109	0.0621762	0.000460385	0.000440154	0.00514708
2.625	0	-0.403688	0.0697524	0.000394227	0.000396721	0.00824275
2.63	0	-0.405063	0.0740996	0.000432418	0.000632231	-0.0123588
2.635	0	-0.404278	0.070487	0.000434414	0.000464648	-7.23081e-05
2.64	0	-0.402031	0.0730266	0.000527772	0.000409865	0.0063701
2.645	0	-0.400393	0.0793934	0.000414101	0.000477822	-0.0151176
2.65	0	-0.409004	0.0718211	0.000435695	0.000480963	0.0150073
2.655	0	-0.389887	0.0686461	0.000382101	0.000556927	-0.0048396
2.66	0	-0.406059	0.0733877	0.000473758	0.000494047	0.0173884
2.665	0	-0.392986	0.0726563	0.000387409	0.000544953	0.00874654
2.67	0	-0.39847	0.0671766	0.000402563	0.000425795	0.00231812
2.675	0	-0.396541	0.0733143	0.000310993	0.000559884	0.00251646
2.68	0	-0.386781	0.0653925	0.000360196	0.000465573	0.0085255
2.685	0	-0.392523	0.0674035	0.000419151	0.000489532	-0.00168061
2.69	0	-0.396469	0.0782272	0.000416649	0.000737662	0.0115075
2.695	0	-0.389251	0.0755728	0.00033942	0.000583243	0.0149585
2.7	0	-0.389903	0.0630918	0.000427743	0.000441143	-0.00269126
2.705	0	-0.386042	0.0695514	0.000384277	0.000440057	-0.000754106
2.71	0	-0.392934	0.0665155	0.000373614	0.000442465	-0.011763
2.715	0	-0.383997	0.0679667	0.000351255	0.00039506	-0.0108344
2.72	0	-0.390351	0.0668055	0.000379701	0.000470537	-0.0024499
2.725	0	-0.387325	0.0703753	0.000422389	0.000442918	0.0137282
2.73	0	-0.383482	0.068768	0.000368139	0.000457932	0.00875429
2.735	0	-0.385254	0.0729978	0.00039338	0.000434733	-0.0138377
2.74	0	-0.387299	0.0703409	0.000415842	0.000380365	0.00147176
2.745	0	-0.381855	0.0658016	0.000326611	0.0003532	0.00112837
2.75	0	-0.382196	0.0664853	0.000370574	0.000399522	-0.00165549
2.755	0	-0.378536	0.0696294	0.000355943	0.000511617	-0.00789141
2.76	0	-0.379052	0.0720717	0.000364227	0.00051302	0.00711706
2.765	0	-0.378921	0.061601	0.000316866	0.000395608	0.00664937
2.77	0	-0.380823	0.0640169	0.000368133	0.000389954	-0.00027521
2.775	0	-0.380416	0.0649959	0.000322227	0.000383763	0.00725462
2.78	0	-0.380494	0.070511	0.000401703	0.000502743	-0.00116632
2.785	0	-0.37657	0.0756958	0.00039014	0.000479897	-0.0169534
2.79	0	-0.370912	0.0709239	0.0003429	0.000475175	0.00194212
2.795	0	-0.362043	0.0660372	0.000330459	0.000450387	0.00229168
2.8	0	-0.37457	0.0610782	0.000332087	0.000356953	0.002128
2.805	0	-0.37136	0.0696828	0.000403643	0.000455815	0.00452603
2.81	0	-0.375751	0.0730243	0.000368075	0.00048246	-0.0144289
2.815	0	-0.377454	0.0789121	0.000369978	0.000550843	-0.0202659
2.82	0	-0.373313	0.0671595	0.000381121	0.000427393	-0.0150867
2.825	0	-0.373347	0.0769786	0.000337243	0.000522587	0.00648425
2.83	0	-0.371686	0.0664211	0.000374416	0.000462766	0.000305814
2.835	0	-0.369801	0.075568	0.000315502	0.000518457	0.0056471
2.84	0	-0.370497	0.0700729	0.000364469	0.000501355	-0.00588985
2.845	0	-0.373658	0.070158	0.000379533	0.000525622	-0.00742489
2.85	0	-0.361644	0.0659074	0.000382581	0.000362783	0.0166367
2.855	0	-0.371087	0.0713912	0.000309472	0.000482831	0.00302823
2.86	0	-0.362939	0.0717682	0.000330507	0.000510207	-0.0035862
2.865	0	-0.35772	0.0640204	0.000318542	0.000395453	-0.0045617
2.87	0	-0.368863	0.0759025	0.000322246	0.000460079	-0.0176833
2.875	0	-0.36101	0.0681818	0.000375591	0.000435854	-0.00550713
2.88	0	-0.351767	0.0658652	0.000327323	0.000447469	-0.000189625
2.885	0	-0.360869	0.069579	0.000337669	0.000463732	0.00169463
2.89	0	-0.35128	0.0695396	0.000314616	0.000443916	0.000550087
2.895	0	-0.360843	0.0745219	0.000314522	0.00045829	0.00731426
2.9	0	-0.356142	0.0682824	0.000351075	0.000380078	-0.0151731
2.905	0	-0.357267	0.0732383	0.000307558	0.000439009	0.0158899
2.91	0	-0.36161	0.0672832	0.000340559	0.000428214	0.00212655
2.915	0	-0.359515	0.0656451	0.000310907	0.000379668	-0.00534497
2.92	0	-0.361235	0.0632645	0.000393442	0.000335291	0.0112211
2.925	0	-0.356247	0.0678704	0.000326235	0.000349811	0.00196524
2.93	0	-0.358226	0.0718264	0.000339245	0.000451567	0.000490516
2.935	0	-0.341016	0.076562	0.000309252	0.000520707	0.00699568
2.94	0	-0.35228	0.0647866	0.00031347	0.000426536	0.0013169
2.945	0	-0.351304	0.0682445	0.000304602	0.00043048	-0.0071136
2.95	0	-0.359926	0.0675647	0.000366554	0.000414219	0.00203795
2.955	0	-0.350695	0.0653843	0.00030657	0.000360434	-0.00179661
2.96	0	-0.352768	0.0678238	0.000291275	0.000488146	-0.00918208
2.965	0	-0.348702	0.0671556	0.000333266	0.000427226	-0.00567049
2.97	0	-0.349938	0.0617239	0.000276764	0.000394748	0.0111475
2.975	0	-0.34804	0.0643835	0.000387717	0.000369518	-0.00818962
2.98	0	-0.34945	0.0663933	0.000307772	0.000402516	0.000815873
2.985	0	-0.343504	0.0640468	0.000336263	0.000391529	0.0046134
2.99	0	-0.349481	0.0640731	0.000283247	0.000359896	0.00357467
2.995	0	-0.34858	0.0802898	0.00031273	0.00052038	-0.0330806
3	0	-0.350572	0.0706533	0.000324181	0.000455681	0.0122985
3.005	0	-0.344486	0.0637317	0.000322857	0.00035505	0.00689213
3.01	0	-0.354202	0.0661097	0.000298469	0.000371077	0.00168787
3.015	0	-0.339235	0.0655517	0.000328701	0.000390462	0.0103223
3.02	0	-0.347795	0.0634481	0.000337641	0.000331549	0.0115629
3.025	0	-0.345495	0.0723327	0.000313479	0.000471792	-0.00524667
3.03	0	-0.340218	0.0634647	0.000321514	0.000316517	0.00566718
3.035	0	-0.338499	0.0624035	0.000323897	0.000363872	0.0116765
3.04	0	-0.340057	0.065936	0.000290401	0.000362702	-0.00315554
3.045	0	-0.338099	0.0640423	0.000265938	0.000414044	-0.0122085
3.05	0	-0.338089	0.0657573	0.000280333	0.000433797	-0.001891
3.055	0	-0.334959	0.0653016	0.00027848	0.000347201	-0.0155258
3.06	0	-0.341533	0.0710895	0.00026172	0.000459134	0.0105895
3.065	0	-0.334853	0.0601778	0.000245894	0.000339074	0.000734938
3.07	0	-0.340893	0.0666921	0.000302715	0.00035209	0.00410507
3.075	0	-0.339317	0.0586788	0.000312094	0.000363398	-0.00474614
3.08	0	-0.335794	0.0639642	0.000335216	0.000322409	-0.0194591
3.085	0	-0.333117	0.0643233	0.000295965	0.000335977	-0.00640587
3.09	0	-0.328419	0.0619556	0.00031351	0.000352775	0.0128746
3.095	0	-0.332911	0.0567142	0.000250647	0.000290253	0.00157061
3.1	0	-0.337659	0.0652025	0.000337599	0.000347399	-0.00579018
3.105	0	-0.337932	0.0704106	0.000244538	0.000379067	-0.0172509
3.11	0	-0.338143	0.0639164	0.000320688	0.000370923	-0.00612832
3.115	0	-0.333774	0.0599007	0.000236561	0.000356467	0.00373439
3.12	0	-0.328697	0.0645207	0.00029107	0.000389292	0.00217137
3.125	0	-0.338442	0.0618659	0.000284969	0.000281345	0.00754584
3.13	0	-0.33109	0.0653326	0.000278933	0.000364622	-0.00274298
3.135	0	-0.328095	0.0621868	0.000278531	0.000331409	-0.0100695
3.14	0	-0.330198	0.0633151	0.000283868	0.000351159	0.00803056
3.145	0	-0.334417	0.0656525	0.000221419	0.000385053	0.00215436
3.15	0	-0.33179	0.0668602	0.000309396	0.000362336	0.00637494
3.155	0	-0.331833	0.0692712	0.000312427	0.000436612	0.000297362
3.16	0	-0.322874	0.0668889	0.000311979	0.000431059	-0.000675974
3.165	0	-0.330223	0.0705537	0.000242369	0.000496204	0.0074365
3.17	0	-0.326617	0.0711381	0.000269281	0.00039231	-0.0205413
3.175	0	-0.327575	0.0715866	0.000282532	0.000384295	0.000805323
3.18	0	-0.330076	0.0580362	0.000232783	0.000389359	-3.32595e-05
3.185	0	-0.3238	0.0659564	0.000250865	0.000349061	-0.0195213
3.19	0	-0.329689	0.0666533	0.00022161	0.00040357	0.0084268
3.195	0	-0.3236	0.0618742	0.000265932	0.000292854	-0.00549426
3.2	0	-0.323597	0.0691851	0.000305313	0.000359019	0.000251008
3.205	0	-0.315833	0.06509	0.0002398	0.000362748	0.0156778
3.21	0	-0.322289	0.0648059	0.000292106	0.000296766	0.00307798
3.215	0	-0.330406	0.067667	0.00022617	0.000330017	0.0019272
3.22	0	-0.321484	0.06221	0.000311332	0.000390414	-0.00298294
3.225	0	-0.318103	0.0635663	0.000216335	0.000339043	0.00118564
3.23	0	-0.317971	0.0579302	0.000286812	0.000305697	-0.00530975
3.235	0	-0.322873	0.0684532	0.000243768	0.000319851	-0.0133128
3.24	0	-0.321889	0.0588287	0.000229771	0.000284259	0.00494304
3.245	0	-0.317643	0.0678548	0.000251036	0.000327715	0.00761922
3.25	0	-0.31855	0.0602479	0.000267935	0.000368688	-0.00583083
3.255	0	-0.316105	0.0589624	0.000246435	0.00029306	0.00166229
3.26	0	-0.313177	0.0610665	0.000255872	0.000305258	0.0019847
3.265	0	-0.317691	0.0649244	0.000245077	0.000299319	0.00811517
3.27	0	-0.318282	0.0655144	0.000221755	0.000336887	-0.00617221
3.275	0	-0.311763	0.0695581	0.000237439	0.000301912	-0.00621855
3.28	0	-0.312256	0.0623534	0.000290727	0.000303137	-0.00204573
3.285	0	-0.317351	0.0608901	0.000229164	0.000280014	9.60528e-05
3.29	0	-0.309066	0.0603914	0.000265393	0.000301503	0.00245961
3.295	0	-0.303574	0.0638267	0.000215402	0.000308695	-0.000669797
3.3	0	-0.310786	0.0687721	0.000285834	0.000363404	-0.00700312
3.305	0	-0.312691	0.0648336	0.000243734	0.00036968	-0.00103428
3.31	0	-0.304246	0.0645343	0.000245129	0.000333116	-0.00329164
3.315	0	-0.314266	0.0598082	0.000227546	0.000254843	-0.00310514
3.32	0	-0.310938	0.0621169	0.000246947	0.000372536	-0.00731804
3.325	0	-0.315508	0.0650154	0.000273199	0.00033687	-0.0138971
3.33	0	-0.308658	0.0617862	0.000220606	0.000291872	-0.000605944
3.335	0	-0.309754	0.0640325	0.000268091	0.000328641	-0.00529677
3.34	0	-0.309996	0.0618856	0.000266683	0.000297028	-0.0119659
3.345	0	-0.320045	0.0700655	0.000234203	0.000340424	0.00212392
3.35	0	-0.31101	0.0642668	0.000241517	0.000370344	-0.0062039
3.355	0	-0.310877	0.0674118	0.000261571	0.000337361	-0.0102388
3.36	0	-0.306683	0.0621827	0.000242948	0.000303014	-0.00087855
3.365	0	-0.308808	0.0658161	0.000227425	0.00030544	-0.0132826
3.37	0	-0.31517	0.0623729	0.000269779	0.000327141	-0.00294166
3.375	0	-0.300433	0.0608935	0.000271023	0.000339449	0.00268847
3.38	0	-0.299526	0.0616946	0.000204429	0.000328888	0.0101969
3.385	0	-0.306037	0.0599525	0.000223406	0.0003157	0.00648993
3.39	0	-0.304422	0.0637003	0.000226727	0.000345933	0.0106505
3.395	0	-0.30014	0.0632034	0.000230377	0.00030296	0.00645064
3.4	0	-0.301161	0.0634526	0.000234324	0.000318785	-0.00895659
3.405	0	-0.302923	0.0585425	0.000238498	0.000287197	0.00752355
3.41	0	-0.298604	0.05471	0.000211036	0.000275146	-0.00651003
3.415	0	-0.300909	0.0628547	0.000268884	0.000318127	-0.0138003
3.42	0	-0.305126	0.0655585	0.000254403	0.000396251	0.00724589
3.425	0	-0.308324	0.0657841	0.000282701	0.000341523	0.00961098
3.43	0	-0.301565	0.0688335	0.000228539	0.000329624	0.00146942
3.435	0	-0.293716	0.0615261	0.000236206	0.000308154	-0.00707094
3.44	0	-0.29343	0.0582625	0.000219462	0.000258055	-0.00333891
3.445	0	-0.285306	0.060776	0.000215333	0.000284525	-0.00905793
3.45	0	-0.294498	0.0615213	0.000234383	0.000290115	-0.000851723
3.455	0	-0.300048	0.0592364	0.00020942	0.000270359	-0.0064736
3.46	0	-0.292844	0.0638568	0.000223956	0.000284932	0.00754976
3.465	0	-0.294867	0.0639378	0.000279207	0.00030955	0.0047424
3.47	0	-0.30358	0.0645562	0.000238028	0.000317378	-0.00690448
3.475	0	-0.301647	0.0622918	0.000209626	0.000302526	-0.00213898
3.48	0	-0.299089	0.0547455	0.000227899	0.000237783	0.00933284
3.485	0	-0.301009	0.0644104	0.000227613	0.00031713	0.00257417
3.49	0	-0.303603	0.0594778	0.00021973	0.000268851	0.00225605
3.495	0	-0.290152	0.0602707	0.000227971	0.00030696	-0.00252844
3.5	0	-0.30206	0.0643512	0.000245445	0.000304456	0.0052485
3.505	0	-0.297571	0.0592627	0.000218288	0.00027216	-0.00345799
3.51	0	-0.286787	0.0585115	0.000204493	0.000264727	-0.00260274
3.515	0	-0.29497	0.0594143	0.000192176	0.00026947	-0.0136331
3.52	0	-0.287189	0.0615922	0.000204661	0.000286166	0.00609087
3.525	0	-0.294767	0.0584312	0.00024076	0.000269098	0.00262491
3.53	0	-0.292249	0.0575259	0.000219128	0.000272774	0.00209436
3.535	0	-0.288972	0.0575038	0.00018903	0.000308552	-0.00144423
3.54	0	-0.284546	0.057495	0.00021063	0.000289618	0.00455196
3.545	0	-0.28392	0.0667984	0.000233138	0.000347936	0.0101669
3.55	0	-0.287412	0.0664534	0.000206215	0.000356054	-0.000785921
3.555	0	-0.288841	0.0602507	0.000214005	0.000261807	-0.00188855
3.56	0	-0.296116	0.0591695	0.000227108	0.000221311	0.00251947
3.565	0	-0.285687	0.0592599	0.000232327	0.000271582	0.00507273
3.57	0	-0.28587	0.0613127	0.000213999	0.000250851	-0.0118879
3.575	0	-0.283677	0.0670063	0.000225777	0.000281872	-0.00718988
3.58	0	-0.295782	0.0615116	0.000222243	0.000290256	0.00382897
3.585	0	-0.286206	0.0607633	0.000200207	0.000240035	0.00285421
3.59	0	-0.289974	0.0575101	0.000239052	0.000256493	0.00474218
3.595	0	-0.287114	0.0614605	0.000182347	0.000285089	-0.00666433
3.6	0	-0.281811	0.0633804	0.000192144	0.000237776	-0.00609196
3.605	0	-0.285607	0.0651215	0.000205246	0.000301283	0.0206774
3.61	0	-0.288462	0.0676963	0.000191626	0.000313585	0.0136887
3.615	0	-0.291688	0.0610168	0.000183232	0.00029908	-0.00486314
3.62	0	-0.288074	0.065458	0.000226871	0.000295592	0.0055823
3.625	0	-0.276452	0.0585069	0.000202563	0.000268741	-0.0103524
3.63	0	-0.276931	0.0607491	0.000194841	0.000319168	-0.00297697
3.635	0	-0.279968	0.0667226	0.000220386	0.000355146	-0.00402683
3.64	0	-0.292136	0.0638853	0.000174528	0.000299916	0.00375981
3.645	0	-0.282064	0.0607641	0.000215612	0.000268221	-5.83006e-05
3.65	0	-0.285296	0.057726	0.000207201	0.000272493	0.00446172
3.655	0	-0.275239	0.0608865	0.000199314	0.000236264	0.0113755
3.66	0	-0.276675	0.0604365	0.000181659	0.000268862	0.00456257
3.665	0	-0.279001	0.0561863	0.000195348	0.00022423	0.00489653
3.67	0	-0.283653	0.0644556	0.000186731	0.000299212	-0.000116309
3.675	0	-0.278384	0.0567891	0.000217593	0.00025365	0.00365451
3.68	0	-0.287603	0.0610292	0.000187931	0.000251892	-0.00254267
3.685	0	-0.275393	0.0640709	0.000175739	0.000260572	0.00797861
3.69	0	-0.281638	0.0660984	0.000190566	0.000281169	-0.00765393
3.695	0	-0.273704	0.0602399	0.000208685	0.000285359	-0.000928815
3.7	0	-0.278133	0.0641953	0.000162489	0.000324607	0.00357977
3.705	0	-0.267562	0.0642725	0.000204449	0.000256659	0.00955757
3.71	0	-0.273191	0.0586551	0.000210433	0.000237807	-0.00105315
3.715	0	-0.282057	0.0630147	0.000173732	0.000239386	-0.00705644
3.72	0	-0.271974	0.0592306	0.000175063	0.000263945	0.00257447
3.725	0	-0.279846	0.0591003	0.000203728	0.000256519	-0.00409732
3.73	0	-0.277959	0.0583188	0.000173804	0.000250758	-0.00483795
3.735	0	-0.281158	0.0650987	0.000160592	0.000281276	0.00063606
3.74	0	-0.269337	0.0704	0.000194119	0.000373131	0.0151486
3.745	0	-0.271576	0.0622585	0.000181665	0.000265638	0.00589076
3.75	0	-0.270825	0.0602969	0.000211067	0.000235875	0.00114812
3.755	0	-0.277524	0.0559494	0.000190421	0.000221692	0.010846
3.76	0	-0.280007	0.060312	0.000202712	0.000224785	0.00293903
3.765	0	-0.268543	0.0611331	0.000180263	0.000246015	-0.00334972
3.77	0	-0.274336	0.0605038	0.000193704	0.000271323	0.00475708
3.775	0	-0.275421	0.0676212	0.000190556	0.000310432	0.0148756
3.78	0	-0.269436	0.0589641	0.000182596	0.000252292	-0.00368582
3.785	0	-0.279984	0.0608303	0.00020908	0.000259668	-0.00814159
3.79	0	-0.264128	0.0628091	0.000213447	0.000246346	0.00367336
3.795	0	-0.271617	0.0590951	0.00017139	0.000287	0.00895679
3.8	0	-0.259694	0.0570678	0.000178175	0.000236186	0.0080116
3.805	0	-0.275	0.0592375	0.000173402	0.000206674	0.00113409
3.81	0	-0.267408	0.0567787	0.000190727	0.000248332	0.00513014
3.815	0	-0.270875	0.0595355	0.000193083	0.000263651	0.00717662
3.82	0	-0.268009	0.0598521	0.000174882	0.000274553	0.0161034
3.825	0	-0.264717	0.0628354	0.000172595	0.000246649	-0.00170955
3.83	0	-0.271091	0.0598552	0.000191884	0.000257688	-0.00198179
3.835	0	-0.269827	0.0576799	0.00019009	0.000228634	0.00469684
3.84	0	-0.265784	0.0625734	0.000175797	0.00025713	-0.00636076
3.845	0	-0.26547	0.0635243	0.000185608	0.000270516	-0.0067972
3.85	0	-0.261008	0.0649572	0.000208402	0.000315376	-0.00575811
3.855	0	-0.258371	0.0605363	0.000179905	0.000273747	-0.00623568
3.86	0	-0.272027	0.0669834	0.000215917	0.000327177	-0.00624924
3.865	0	-0.259638	0.0568224	0.000172524	0.000243995	-0.0181143
3.87	0	-0.261745	0.0567148	0.000203845	0.000260907	-0.00373353
3.875	0	-0.259643	0.0598615	0.000178746	0.000253476	0.00481461
3.88	0	-0.266803	0.0600559	0.000176406	0.000243001	-0.00764498
3.885	0	-0.265204	0.0621948	0.000175147	0.000249915	0.0134749
3.89	0	-0.262745	0.0611	0.000173594	0.000300946	0.00143546
3.895	0	-0.256968	0.0529696	0.000189646	0.000184319	-0.00632523
3.9	0	-0.260118	0.0634101	0.000153123	0.000251043	0.0171168
3.905	0	-0.259376	0.0581179	0.000173487	0.000233803	-0.00755331
3.91	0	-0.259396	0.0570809	0.000178927	0.000233355	-0.000898882
3.915	0	-0.259389	0.0560733	0.000167098	0.000216629	0.00280781
3.92	0	-0.260153	0.0599614	0.000163594	0.000235455	-0.00272795
3.925	0	-0.261606	0.0580134	0.000155859	0.000237519	0.00457553
3.93	0	-0.262481	0.0616327	0.00019373	0.000301788	0.00103668
3.935	0	-0.256493	0.0603968	0.000164792	0.000283817	0.00174721
3.94	0	-0.258394	0.0582761	0.000156216	0.000245418	0.00340352
3.945	0	-0.263428	0.0570044	0.000160148	0.000242518	0.00125711
3.95	0	-0.252678	0.055223	0.000177958	0.000212357	-0.00225504
3.955	0	-0.255094	0.0602311	0.000138975	0.000246346	-0.00768441
3.96	0	-0.256626	0.0571196	0.000170953	0.000197881	0.00476963
3.965	0	-0.26107	0.0592369	0.000158568	0.000228727	0.00169048
3.97	0	-0.253288	0.0558652	0.000176437	0.000180675	-0.00325694
3.975	0	-0.254483	0.0582547	0.000142966	0.000241733	0.00715808
3.98	0	-0.26094	0.0561747	0.000164771	0.000224205	0.00703973
3.985	0	-0.250146	0.059145	0.000194767	0.000284409	0.00126459
3.99	0	-0.254909	0.0597794	0.000152491	0.000239343	-0.000381544
3.995	0	-0.248786	0.0646369	0.000156213	0.000303861	-0.0189843
4	0	-0.24877	0.0546611	0.000149021	0.000210784	-0.00658448
4.005	0	-0.251873	0.0551115	0.000174097	0.000211883	0.00293872
4.01	0	-0.266195	0.058732	0.000144726	0.000242808	-0.00826621
4.015	0	-0.249588	0.056571	0.000152674	0.000213191	-0.00298417
4.02	0	-0.257748	0.0622307	0.000168494	0.000243372	-0.00357374
4.025	0	-0.259787	0.0578077	0.000155017	0.000233418	-0.00652195
4.03	0	-0.258908	0.0649031	0.000177815	0.000284673	0.00303408
4.035	0	-0.254321	0.0639265	0.000143012	0.000293281	-0.00801612
4.04	0	-0.254811	0.0607622	0.00016343	0.000274151	0.00155881
4.045	0	-0.258026	0.064568	0.000174178	0.000252027	0.00397515
4.05	0	-0.250144	0.0587476	0.000152982	0.000196329	-0.00456692
4.055	0	-0.251138	0.0630557	0.000155899	0.000236905	0.00872529
4.06	0	-0.248839	0.0594209	0.000185803	0.000249519	0.0123216
4.065	0	-0.255436	0.058779	0.000177303	0.000239041	-0.00503459
4.07	0	-0.251578	0.0620102	0.000139692	0.000218962	0.00112264
4.075	0	-0.253563	0.0585536	0.000151427	0.000226855	-0.0035897
4.08	0	-0.248213	0.0567536	0.000171827	0.00022015	-0.00220015
4.085	0	-0.250261	0.0563088	0.000190548	0.000240095	-0.00473395
4.09	0	-0.25212	0.061473	0.000138887	0.000297867	0.000514579
4.095	0	-0.244823	0.0557063	0.000160538	0.000223322	0.00615226
4.1	0	-0.250838	0.0634464	0.000167742	0.000287994	0.00644623
4.105	0	-0.250954	0.0616678	0.000145082	0.000255368	-0.00796052
4.11	0	-0.249303	0.0565863	0.000145468	0.000202166	-0.00530195
4.115	0	-0.256211	0.0616897	0.000160363	0.000298996	-0.00165352
4.12	0	-0.242036	0.0573452	0.000163928	0.000249201	-0.00254749
4.125	0	-0.247496	0.0588197	0.000149323	0.000260047	0.000164634
4.13	0	-0.250325	0.0616073	0.000150178	0.000222537	-0.00512935
4.135	0	-0.246149	0.0571601	0.000166931	0.000221746	0.0056035
4.14	0	-0.246418	0.0534871	0.000144125	0.000187706	0.0045038
4.145	0	-0.243622	0.0630698	0.000169521	0.000264774	-0.00527935
4.15	0	-0.242842	0.0564307	0.000151107	0.000189769	-0.000357042
4.155	0	-0.253323	0.0635926	0.000154631	0.000265435	-0.00351504
4.16	0	-0.242355	0.0600082	0.000157497	0.000211861	0.00232586
4.165	0	-0.245744	0.0599625	0.000148027	0.000213165	0.00121115
4.17	0	-0.245641	0.056402	0.000129258	0.000189026	-0.00186338
4.175	0	-0.242459	0.0624263	0.000137444	0.000246189	0.00280507
4.18	0	-0.245161	0.0565834	0.000159193	0.000224693	-0.00670456
4.185	0	-0.244154	0.0599533	0.000138043	0.000223455	-0.00886668
4.19	0	-0.245744	0.0568246	0.000149515	0.000194384	-0.00632279
4.195	0	-0.244754	0.0559112	0.000132614	0.00022495	-0.00893452
4.2	0	-0.249417	0.055267	0.00013158	0.000212217	-0.00628262
4.205	0	-0.241789	0.0590645	0.000189234	0.000224046	-0.00283254
4.21	0	-0.243916	0.0523271	0.00015833	0.000184889	-0.00413404
4.215	0	-0.245489	0.0551027	0.000143285	0.000198845	-0.00333023
4.22	0	-0.244759	0.0586757	0.000160534	0.000240601	-0.00169589
4.225	0	-0.2459	0.0596613	0.000131587	0.000231955	0.0122756
4.23	0	-0.238146	0.0575876	0.000151608	0.000229123	-0.00362382
4.235	0	-0.243885	0.0517824	0.000127687	0.000168141	0.00518408
4.24	0	-0.234401	0.0534727	0.000135535	0.000189394	-0.00685089
4.245	0	-0.242301	0.0575155	0.000167122	0.000242363	0.00779746
4.25	0	-0.2421	0.0587576	0.00013327	0.00020185	0.00782918
4.255	0	-0.238531	0.0608732	0.000140606	0.000203378	-0.00272695
4.26	0	-0.238967	0.0557795	0.000148748	0.000220136	-0.00214842
4.265	0	-0.238161	0.0623512	0.000130699	0.000224873	0.0092015
4.27	0	-0.241155	0.0594417	0.000139151	0.000244314	0.000125859
4.275	0	-0.238961	0.0594573	0.00012657	0.000219479	0.0054459
4.28	0	-0.239171	0.0600061	0.000132268	0.000181271	0.00345122
4.285	0	-0.236317	0.0532764	0.000143569	0.000181627	-0.00663942
4.29	0	-0.238414	0.0572137	0.000152636	0.000204744	-0.00138721
4.295	0	-0.239692	0.0592103	0.00013669	0.00025944	-0.0109733
4.3	0	-0.238775	0.0660797	0.00014717	0.000254715	0.010635
4.305	0	-0.240404	0.0621753	0.000144601	0.000229949	0.000555488
4.31	0	-0.235701	0.0550861	0.000136536	0.000177895	-0.00142966
4.315	0	-0.243239	0.058003	0.000144551	0.000195865	-5.7038e-05
4.32	0	-0.233657	0.0559265	0.000157944	0.000199746	-0.00112497
4.325	0	-0.237123	0.0539287	0.000145139	0.000175664	0.0120322
4.33	0	-0.238537	0.059277	0.000134574	0.000207505	0.000503855
4.335	0	-0.236673	0.0586939	0.000137022	0.000194512	0.000997584
4.34	0	-0.233588	0.0596583	0.00012702	0.000200965	-0.00182854
4.345	0	-0.238466	0.0566796	0.000150463	0.000217644	0.00383923
4.35	0	-0.236999	0.0563842	0.000130991	0.000198339	0.00328167
4.355	0	-0.242428	0.0571006	0.000137815	0.000225763	-0.00536837
4.36	0	-0.236704	0.0561032	0.000139665	0.00019415	-0.00390592
4.365	0	-0.236193	0.0580754	0.000157203	0.000179856	-0.00328063
4.37	0	-0.231131	0.0584641	0.000153034	0.000208317	-0.0052634
4.375	0	-0.232949	0.0612249	0.000136684	0.000268434	-0.0116602
4.38	0	-0.231219	0.0582563	0.000125809	0.000214288	-0.0121274
4.385	0	-0.234102	0.0548651	0.000129718	0.000191137	-0.00381699
4.39	0	-0.228531	0.0609106	0.000142946	0.000223801	-0.00780732
4.395	0	-0.229866	0.0525484	0.000132143	0.000152718	0.00638821
4.4	0	-0.224133	0.0537651	0.000116422	0.00018904	0.00359719
4.405	0	-0.236106	0.059789	0.000152959	0.00019654	-0.014573
4.41	0	-0.234261	0.0586876	0.000147202	0.000202894	-0.00470687
4.415	0	-0.224529	0.0589781	0.000149098	0.000183942	-0.000815922
4.42	0	-0.224205	0.056818	0.00011977	0.00022371	-0.00972741
4.425	0	-0.226843	0.0585233	0.00012785	0.000188131	0.0146478
4.43	0	-0.235038	0.0604743	0.000121718	0.000221032	-0.000587545
4.435	0	-0.228799	0.0561779	0.000126303	0.000191122	0.00762485
4.44	0	-0.230323	0.0560871	0.000131325	0.000176237	0.00606821
4.445	0	-0.235487	0.0580604	0.000144279	0.000204455	-0.00669033
4.45	0	-0.227525	0.0554707	0.00012417	0.000211722	0.00461945
4.455	0	-0.230766	0.0617522	0.000126221	0.000196736	0.00349275
4.46	0	-0.233896	0.0562815	0.000136821	0.000186001	-0.00414074
4.465	0	-0.229633	0.0584636	0.000130735	0.000201738	0.00734156
4.47	0	-0.23322	0.0568992	0.000118524	0.00021047	0.00955684
4.475	0	-0.228438	0.0552232	0.000113255	0.000178149	0.0117744
4.48	0	-0.229787	0.0571204	0.000119946	0.000202987	-0.00694559
4.485	0	-0.225926	0.0556093	0.000130846	0.000167385	-0.00487291
4.49	0	-0.220304	0.0591948	0.000119443	0.00019596	-0.0119815
4.495	0	-0.221384	0.0605813	0.000141517	0.000229183	-0.00302984
4.5	0	-0.21916	0.0560728	0.000127247	0.000179306	-0.007187
4.505	0	-0.224311	0.0602543	0.000125563	0.000248322	0.0127541
4.51	0	-0.217496	0.0579442	0.000117611	0.000212271	0.000519581
4.515	0	-0.219237	0.0528801	0.000129686	0.000191033	0.00442154
4.52	0	-0.228588	0.0603284	0.000132513	0.000193904	-0.00708402
4.525	0	-0.217814	0.0526991	0.000128082	0.000165391	0.0011294
4.53	0	-0.224801	0.0559715	0.000145669	0.00017801	-0.00743337
4.535	0	-0.22532	0.0600377	0.000132489	0.000211187	0.000461068
4.54	0	-0.223187	0.0608958	0.000112425	0.000231026	-0.00268627
4.545	0	-0.221301	0.0560472	0.000138368	0.000198931	0.0121503
4.55	0	-0.219773	0.0620433	0.000147004	0.000227624	-0.0137859
4.555	0	-0.227646	0.0592242	0.000118651	0.000205371	0.000708586
4.56	0	-0.221502	0.0549498	0.000130051	0.000177826	0.00901327
4.565	0	-0.22366	0.0557254	0.000127839	0.000175234	0.00196744
4.57	0	-0.225253	0.0581851	0.000137811	0.000187817	0.00931464
4.575	0	-0.221907	0.0558715	0.000135947	0.000180939	-0.00613396
4.58	0	-0.228377	0.0583878	0.000125317	0.000201803	0.00214701
4.585	0	-0.219373	0.0553571	0.000131392	0.000183303	-0.00193183
4.59	0	-0.21213	0.055226	0.000118508	0.000194557	-0.000527053
4.595	0	-0.213343	0.0594526	0.00014268	0.000195192	-0.000426422
4.6	0	-0.215589	0.0527693	0.000121193	0.000155784	0.00507205
4.605	0	-0.213354	0.0548654	0.000127174	0.000182161	-2.53227e-05
4.61	0	-0.215033	0.0513766	0.000122894	0.000187976	-0.00525737
4.615	0	-0.219601	0.0605889	0.000112681	0.000203741	0.00677938
4.62	0	-0.21903	0.0585455	0.000122924	0.00019148	0.0046017
4.625	0	-0.219896	0.0541077	0.000127507	0.000176347	0.00759479
4.63	0	-0.216333	0.0564857	0.000119659	0.000193995	0.00115162
4.635	0	-0.218923	0.0547399	0.000130211	0.000170309	-0.000274506
4.64	0	-0.218422	0.0554242	0.000125654	0.000171838	-0.00509872
4.645	0	-0.215256	0.0578511	0.000129601	0.000184986	-0.00427026
4.65	0	-0.220405	0.0555498	0.000112201	0.000195475	-0.00473651
4.655	0	-0.217916	0.0531161	0.000121832	0.000169112	-0.00198341
4.66	0	-0.216395	0.0561533	0.000104325	0.000198285	-0.00483226
4.665	0	-0.218853	0.0564219	0.000116343	0.000181827	0.0010406
4.67	0	-0.220384	0.0576936	0.000124275	0.000177597	-0.00130284
4.675	0	-0.221677	0.0582403	0.000119116	0.000200116	0.00532711
4.68	0	-0.2103	0.0578784	0.000116675	0.000194453	-0.00203741
4.685	0	-0.219555	0.0600099	0.000125643	0.000239419	0.00698472
4.69	0	-0.212939	0.0563434	0.000113636	0.00017838	-0.00111726
4.695	0	-0.219194	0.0542678	0.000126623	0.000165973	-0.00145609
4.7	0	-0.21446	0.054524	0.000118942	0.000173192	-0.00188714
4.705	0	-0.214012	0.0529848	0.000114609	0.000148359	0.0031415
4.71	0	-0.21298	0.0542612	0.000100059	0.000153183	0.00743661
4.715	0	-0.214435	0.0543328	0.000117812	0.000156197	-0.00708561
4.72	0	-0.219305	0.0555756	0.000117742	0.000162057	-0.0086604
4.725	0	-0.21535	0.0568243	0.000111086	0.000170006	0.00265699
4.73	0	-0.215857	0.0564149	0.000115686	0.000162755	0.0048902
4.735	0	-0.213021	0.0590019	0.00010704	0.000221485	-0.000953619
4.74	0	-0.215308	0.0563614	0.000123956	0.000192375	-0.0067689
4.745	0	-0.206168	0.0572743	0.000102027	0.000176778	0.00940223
4.75	0	-0.219865	0.0565673	0.000123986	0.000203406	0.00466208
4.755	0	-0.202205	0.0566349	0.000111818	0.000218305	-0.00197106
4.76	0	-0.216979	0.0590495	0.000111786	0.000185692	-0.00477365
4.765	0	-0.220384	0.0547777	0.000116181	0.000180639	-0.00215281
4.77	0	-0.208558	0.055271	0.000118222	0.000163856	0.00748497
4.775	0	-0.215196	0.0589027	0.000112645	0.000184008	0.00638966
4.78	0	-0.211578	0.0545901	0.000107309	0.00014835	-0.00236962
4.785	0	-0.211163	0.0565631	0.000123047	0.000167927	0.0012794
4.79	0	-0.207176	0.0566616	0.000110937	0.000167505	-0.00764905
4.795	0	-0.214794	0.0545041	9.49841e-05	0.000170765	0.00264252
4.8	0	-0.209888	0.0561072	0.000110919	0.000190054	0.00467732
4.805	0	-0.21162	0.0530968	0.000122012	0.000160092	-0.00616693
4.81	0	-0.217738	0.0498902	0.000109957	0.000137405	-0.00728573
4.815	0	-0.209256	0.0561181	0.000114072	0.000180389	0.00381632
4.82	0	-0.211361	0.0564605	9.5928e-05	0.000168235	0.000432544
4.825	0	-0.209163	0.0553856	9.5473e-05	0.000178352	0.00408464
4.83	0	-0.208032	0.0552751	0.00012949	0.000174061	0.00989675
4.835	0	-0.207183	0.0518468	0.00010848	0.000145878	0.00735042
4.84	0	-0.204808	0.0557498	8.69975e-05	0.000163938	0.00206157
4.845	0	-0.205127	0.0570991	0.000120479	0.000210803	0.00702744
4.85	0	-0.206138	0.0565626	0.000121878	0.000177645	0.00798522
4.855	0	-0.204541	0.0580737	0.000114442	0.000180592	0.0101777
4.86	0	-0.205842	0.0540163	0.000112235	0.000160869	0.00248204
4.865	0	-0.207614	0.0552137	0.00010224	0.000177803	-0.00565578
4.87	0	-0.203073	0.0560834	0.000111853	0.000169972	0.00408315
4.875	0	-0.213534	0.0514165	0.000102052	0.000154236	0.000664677
4.88	0	-0.208169	0.0548273	9.7411e-05	0.000167312	0.00654321
4.885	0	-0.206023	0.056598	0.000120555	0.000184109	-0.0117213
4.89	0	-0.206112	0.0548549	0.00011857	0.000162111	-0.00518743
4.895	0	-0.213332	0.0563076	0.00011471	0.000187114	0.00359434
4.9	0	-0.205663	0.0566503	0.000113183	0.000189197	0.00350526
4.905	0	-0.202092	0.053849	0.000112582	0.000173301	0.00210262
4.91	0	-0.20077	0.0610975	0.000112787	0.000204763	-0.00490153
4.915	0	-0.207989	0.0588809	0.000103718	0.000184305	-0.0126022
4.92	0	-0.20981	0.0557526	0.000101589	0.000187929	-0.0066081
4.925	0	-0.206906	0.0552222	0.000113279	0.000186456	-0.00600981
4.93	0	-0.209379	0.0545748	0.00010501	0.000159123	0.0012588
4.935	0	-0.201071	0.0567057	0.000105478	0.000168461	0.00369142
4.94	0	-0.20544	0.0588585	0.000126338	0.000185891	-0.000455804
4.945	0	-0.21047	0.0537786	0.000118304	0.000148277	0.00534344
4.95	0	-0.199326	0.0547745	0.000110004	0.000160627	-0.000450268
4.955	0	-0.209057	0.0563334	9.26128e-05	0.000179966	-0.00911913
4.96	0	-0.208562	0.0572893	0.000116045	0.000186412	-0.00239498
4.965	0	-0.202412	0.0510242	9.4829e-05	0.00014236	0.000128691
4.97	0	-0.201426	0.0593279	0.000104025	0.000182089	0.00596213
4.975	0	-0.200981	0.0528371	0.000101731	0.000148643	0.00392644
4.98	0	-0.202408	0.0586332	0.00010419	0.000169919	-0.0027659
4.985	0	-0.200987	0.0539277	0.000109486	0.000150785	-0.00491065
4.99	0	-0.207738	0.0574555	0.00010021	0.000161884	0.00319094
4.995	0	-0.199316	0.0589966	0.000125719	0.000165129	-0.00675376
5	0	-0.20604	0.0605123	0.000103945	0.00019734	-0.00959122
5.005	0	-0.203232	0.0597994	0.000114013	0.000168239	-0.00623641
5.01	0	-0.210775	0.0574786	9.47066e-05	0.000172637	0.00224015
5.015	0	-0.205136	0.0561434	0.000102942	0.000195822	-0.00120539
5.02	0	-0.203088	0.0582839	0.000102694	0.000179003	0.00132283
5.025	0	-0.200542	0.0582312	9.93647e-05	0.000175507	0.000922554
5.03	0	-0.195615	0.051418	0.00010637	0.000148514	-0.00400145
5.035	0	-0.19774	0.0536412	0.000114428	0.000178588	0.00664523
5.04	0	-0.202744	0.0535749	9.89132e-05	0.000152523	0.00228325
5.045	0	-0.20352	0.0551943	9.94086e-05	0.000153166	0.00569721
5.05	0	-0.206211	0.0533755	0.000103629	0.000139337	0.00393487
5.055	0	-0.203506	0.0530649	9.40926e-05	0.000160842	-0.00154673
5.06	0	-0.197111	0.0555721	9.83213e-05	0.000151275	-0.00398316
5.065	0	-0.204291	0.0565582	9.75428e-05	0.000163669	0.00128884
5.07	0	-0.200706	0.0591523	0.00011288	0.000174286	-0.00786511
5.075	0	-0.198531	0.0596576	0.000106217	0.000184126	-0.000638693
5.08	0	-0.201948	0.0538265	9.83121e-05	0.000156198	-0.00607818
5.085	0	-0.197397	0.0539009	0.000124397	0.000148083	-0.00508263
5.09	0	-0.203617	0.0514063	9.75927e-05	0.000138195	0.00260788
5.095	0	-0.199974	0.054756	9.91422e-05	0.000163796	-0.00131515
5.1	0	-0.197198	0.0567093	0.000107573	0.000183555	0.00589553
