Temperature	Field	Energy	Magnetization	SpecificHeat	Susceptibility	M_x
0.1	-0.2	-2.34754	0.979924	0.00110357	2.64275e-05	-0.979669
0.1	-0.15	-2.34682	0.977316	0.000903044	6.62574e-05	-0.976897
0.1	-0.1	-2.34678	0.976592	0.00109502	3.19055e-05	-0.973274
0.1	-0.05	-2.34509	0.976421	0.00160189	3.99893e-05	-0.975917
0.1	-1.38778e-17	-2.34498	0.971075	0.000680353	0.000152645	-0.966076
0.1	0.05	-2.36817	0.97722	0.00315379	6.72065e-05	-0.535495
0.1	0.1	-2.51139	0.979127	0.00127199	3.76049e-05	0.97903
0.1	0.15	-2.51266	0.979853	0.000578006	4.00559e-05	0.978586
0.1	0.2	-2.51447	0.980884	0.000771085	1.95566e-05	0.977631
0.1	0.2	-2.51181	0.980653	0.00124027	1.67136e-05	0.979886
0.1	0.15	-2.5119	0.979193	0.00126872	1.77697e-05	0.979021
0.1	0.1	-2.51165	0.979541	0.00108988	5.66381e-05	0.975434
0.1	0.05	-2.51164	0.975968	0.000880919	4.9541e-05	0.975603
0.1	1.38778e-17	-2.5098	0.976337	0.00113993	4.84149e-05	0.96307
0.1	-0.05	-2.60083	0.979095	0.000993012	2.01453e-05	-0.843732
0.1	-0.1	-2.613	0.977835	0.000809759	7.41731e-05	-0.977364
0.1	-0.15	-2.613	0.978889	0.000945389	1.17731e-05	-0.978835
0.1	-0.2	-2.6151	0.981694	0.00090832	1.55509e-05	-0.981652
0.3	-0.2	-2.24331	0.940587	0.00134069	0.000104062	-0.9401
0.3	-0.15	-2.23839	0.932958	0.00217987	0.000341117	-0.931986
0.3	-0.1	-2.2413	0.934892	0.00160981	0.000122089	-0.933136
0.3	-0.05	-2.23544	0.926608	0.00108742	0.000369433	-0.922749
0.3	-1.38778e-17	-2.22928	0.906752	0.000890964	0.000975651	-0.734903
0.3	0.05	-2.3163	0.927797	0.00168583	0.000336796	0.911261
0.3	0.1	-2.324	0.935448	0.00157527	0.000254418	0.934869
0.3	0.15	-2.32985	0.939434	0.00115003	0.000106506	0.938192
0.3	0.2	-2.32803	0.938573	0.00111241	0.000147491	0.934864
0.3	0.2	-2.32418	0.935777	0.00120809	0.00016109	0.932467
0.3	0.15	-2.32546	0.936351	0.00120513	0.000107805	0.934087
0.3	0.1	-2.32169	0.934261	0.00135038	0.000102002	0.930266
0.3	0.05	-2.31747	0.928388	0.00141416	0.000169176	0.923246
0.3	1.38778e-17	-2.31445	0.930311	0.00102015	0.000124376	0.895888
0.3	-0.05	-2.40503	0.91551	0.000916981	0.000356521	-0.914223
0.3	-0.1	-2.41725	0.934786	0.00121839	0.000142382	-0.931212
0.3	-0.15	-2.41907	0.937313	0.00107833	0.000152693	-0.935214
0.3	-0.2	-2.4162	0.936944	0.00205993	0.000166709	-0.933583
0.5	-0.2	-2.13966	0.897333	0.00122853	0.000365252	-0.896202
0.5	-0.15	-2.12509	0.894136	0.00134557	0.00019416	-0.889969
0.5	-0.1	-2.11604	0.876509	0.00117114	0.000392708	-0.874577
0.5	-0.05	-2.1217	0.879355	0.00179841	0.000509143	-0.871931
0.5	-1.38778e-17	-2.10532	0.867657	0.00195834	0.000480866	-0.727675
0.5	0.05	-2.18588	0.851104	0.00125234	0.000448193	0.832136
0.5	0.1	-2.19249	0.882757	0.00129009	0.000223285	0.871021
0.5	0.15	-2.2092	0.895369	0.0014795	0.000238096	0.888419
0.5	0.2	-2.21347	0.901805	0.00136943	0.000175344	0.899879
0.5	0.2	-2.20948	0.891956	0.00168218	0.000311923	0.888025
0.5	0.15	-2.20182	0.883251	0.00140007	0.000467287	0.882088
0.5	0.1	-2.20408	0.887934	0.00186271	0.000179442	0.885523
0.5	0.05	-2.19679	0.877623	0.00111769	0.000234373	0.869518
0.5	1.38778e-17	-2.18307	0.836595	0.00138657	0.00122265	0.822155
0.5	-0.05	-2.27632	0.88449	0.00140639	0.000324326	-0.875501
0.5	-0.1	-2.28876	0.889901	0.00183491	0.000490796	-0.883724
0.5	-0.15	-2.28366	0.883395	0.00128307	0.000227187	-0.877467
0.5	-0.2	-2.2961	0.894925	0.00204916	0.000218465	-0.893567
0.7	-0.2	-2.01501	0.851436	0.00147654	0.000301843	-0.842042
0.7	-0.15	-2.01234	0.856904	0.0013569	0.000215867	-0.841225
0.7	-0.1	-1.99477	0.822265	0.00171984	0.00113203	-0.819242
0.7	-0.05	-1.98685	0.820531	0.00152279	0.000719213	-0.816227
0.7	-1.38778e-17	-1.97061	0.803898	0.00149729	0.000550373	-0.782806
0.7	0.05	-2.06107	0.824343	0.00153507	0.000413823	0.796055
0.7	0.1	-2.07581	0.826382	0.000935988	0.000379845	0.819185
0.7	0.15	-2.08792	0.843015	0.00150304	0.000399451	0.841466
0.7	0.2	-2.08794	0.840538	0.00129798	0.000266752	0.833148
0.7	0.2	-2.09309	0.844178	0.00104329	0.000351671	0.840127
0.7	0.15	-2.09201	0.843534	0.00167494	0.000281229	0.825476
0.7	0.1	-2.0761	0.81424	0.0019301	0.000602017	0.80494
0.7	0.05	-2.0674	0.819889	0.00165263	0.00073513	0.81699
0.7	1.38778e-17	-2.05193	0.766424	0.00150684	0.000965067	0.549866
0.7	-0.05	-2.1325	0.815697	0.0011322	0.000368457	-0.772011
0.7	-0.1	-2.14215	0.836773	0.00153474	0.00030133	-0.825101
0.7	-0.15	-2.14039	0.822139	0.00159639	0.000634123	-0.816413
0.7	-0.2	-2.16695	0.849289	0.00175021	0.000269986	-0.846399
1.1	-0.2	-1.68009	0.703775	0.00295304	0.00166364	-0.694673
1.1	-0.15	-1.6871	0.709873	0.00168856	0.000707719	-0.698996
1.1	-0.1	-1.63873	0.677356	0.00198866	0.000911538	-0.641377
1.1	-0.05	-1.5685	0.56092	0.00264496	0.00978922	-0.475972
1.1	-1.38778e-17	-1.51771	0.41054	0.00266994	0.0129832	-0.305994
1.1	0.05	-1.6202	0.620342	0.00238619	0.00138675	0.548721
1.1	0.1	-1.67775	0.646151	0.00241464	0.00186882	0.632532
1.1	0.15	-1.70918	0.681147	0.00248723	0.000975234	0.67688
1.1	0.2	-1.76441	0.723828	0.00166195	0.000623211	0.721764
1.1	0.2	-1.74286	0.711497	0.00201328	0.000684408	0.705502
1.1	0.15	-1.72123	0.681275	0.00299027	0.00130853	0.673516
1.1	0.1	-1.69153	0.663822	0.00278012	0.00189634	0.645812
1.1	0.05	-1.6085	0.567993	0.00297537	0.00290728	0.533055
1.1	1.38778e-17	-1.5291	0.306994	0.00187761	0.0104508	-0.279876
1.1	-0.05	-1.61412	0.50646	0.00259541	0.00687262	-0.496745
1.1	-0.1	-1.71805	0.639024	0.00189211	0.00168362	-0.622818
1.1	-0.15	-1.75502	0.702237	0.00234273	0.00102345	-0.696294
1.1	-0.2	-1.77846	0.72365	0.00198488	0.000702481	-0.717116
1.5	-0.2	-1.18552	0.418928	0.00299399	0.0037548	-0.407922
1.5	-0.15	-1.15858	0.395089	0.00179334	0.00212784	-0.379425
1.5	-0.1	-1.08979	0.302759	0.00194433	0.00271484	-0.277348
1.5	-0.05	-1.05471	0.203404	0.00184576	0.00480709	-0.18323
1.5	-1.38778e-17	-1.03771	0.118124	0.00166133	0.00245673	-0.0368555
1.5	0.05	-1.08603	0.1991	0.00240714	0.00402415	0.171283
1.5	0.1	-1.13193	0.309753	0.00219657	0.00341222	0.293653
1.5	0.15	-1.19083	0.38934	0.00182573	0.00166654	0.376622
1.5	0.2	-1.26538	0.461316	0.00238467	0.00251578	0.452403
1.5	0.2	-1.26803	0.470741	0.00362604	0.00267895	0.464153
1.5	0.15	-1.19268	0.368153	0.00298597	0.00506939	0.356231
1.5	0.1	-1.15079	0.302747	0.00197616	0.00414139	0.285038
1.5	0.05	-1.10422	0.206706	0.00148174	0.00262037	0.126949
1.5	1.38778e-17	-1.09541	0.153244	0.00164447	0.00460188	-0.0260978
1.5	-0.05	-1.14226	0.225191	0.00146962	0.00400651	-0.186235
1.5	-0.1	-1.17762	0.340927	0.00227556	0.00331458	-0.310718
1.5	-0.15	-1.21868	0.373353	0.00231265	0.00188829	-0.362085
1.5	-0.2	-1.27762	0.42716	0.0034675	0.00379937	-0.416087
2	-0.2	-0.828154	0.230209	0.00123233	0.00161026	-0.218031
2	-0.15	-0.80332	0.170613	0.000829543	0.00174439	-0.148795
2	-0.1	-0.760911	0.0989018	0.00096245	0.00128914	-0.0703792
2	-0.05	-0.759264	0.105166	0.000680594	0.00137781	-0.0410922
2	-1.38778e-17	-0.76287	0.0912493	0.000793345	0.000923277	0.0043203
2	0.05	-0.793808	0.121598	0.000782466	0.00228501	0.067982
2	0.1	-0.785658	0.119075	0.000829849	0.00127374	0.0874001
2	0.15	-0.818664	0.168728	0.000698523	0.00183479	0.152354
2	0.2	-0.838171	0.20908	0.00106574	0.00169897	0.199926
2	0.2	-0.862225	0.222994	0.00110479	0.00157945	0.215398
2	0.15	-0.819669	0.166989	0.00104186	0.00193574	0.151224
2	0.1	-0.806168	0.132195	0.00128747	0.00223946	0.099616
2	0.05	-0.785612	0.0982621	0.000753241	0.00153603	0.0424423
2	1.38778e-17	-0.801193	0.0873691	0.000785497	0.000971998	0.00932778
2	-0.05	-0.804319	0.103011	0.000811994	0.00157678	-0.0509508
2	-0.1	-0.842961	0.150509	0.000960954	0.00201554	-0.123019
2	-0.15	-0.868266	0.18576	0.00107402	0.00286193	-0.170335
2	-0.2	-0.871715	0.210154	0.00112149	0.00193315	-0.195129
3	-0.2	-0.570629	0.0980554	0.000321778	0.000685753	-0.0704617
3	-0.15	-0.559244	0.0837906	0.000369657	0.000579284	-0.0591951
3	-0.1	-0.569311	0.0741751	0.000359985	0.00041527	-0.0425237
3	-0.05	-0.559514	0.0694638	0.000330208	0.000480674	-0.0327664
3	-1.38778e-17	-0.554967	0.0602025	0.000295601	0.000325447	0.00313889
3	0.05	-0.562231	0.0646718	0.000299533	0.000448812	0.0336802
3	0.1	-0.557089	0.0789722	0.000280047	0.000525364	0.0547823
3	0.15	-0.560861	0.0850431	0.00032336	0.000693777	0.0656396
3	0.2	-0.567306	0.0931389	0.000394966	0.000665058	0.0783665
3	0.2	-0.575241	0.114312	0.000338461	0.000882927	0.0963995
3	0.15	-0.551879	0.091304	0.000367155	0.000574958	0.0651406
3	0.1	-0.546539	0.0749823	0.000350035	0.00040878	0.029311
3	0.05	-0.554898	0.0640629	0.000323616	0.00041834	0.00261915
3	1.38778e-17	-0.523205	0.064356	0.000288366	0.000385583	-0.000493338
3	-0.05	-0.543282	0.0664882	0.000303855	0.000407292	-0.0230141
3	-0.1	-0.545802	0.0727244	0.000287997	0.000489614	-0.038418
3	-0.15	-0.561297	0.095816	0.000369308	0.000674397	-0.0739389
3	-0.2	-0.564615	0.0999561	0.000327613	0.000612897	-0.0743219
5	-0.2	-0.408259	0.0622049	0.000101098	0.000239791	-0.0329428
5	-0.15	-0.409161	0.0593976	9.82094e-05	0.000194622	-0.0233353
5	-0.1	-0.407664	0.0534706	9.79675e-05	0.000154167	-0.0182592
5	-0.05	-0.403923	0.059208	0.000113881	0.00020173	-0.00730771
5	-1.38778e-17	-0.401302	0.0559339	0.000115356	0.000164975	0.000790233
5	0.05	-0.404178	0.0568896	9.95563e-05	0.000159206	0.00675171
5	0.1	-0.400935	0.0605336	0.000100207	0.00020554	0.019534
5	0.15	-0.405033	0.0604935	0.000117199	0.000191327	0.0285097
5	0.2	-0.406183	0.0616761	0.000110864	0.000214564	0.0341936
5	0.2	-0.403009	0.0617399	0.00010741	0.000193648	0.0257083
5	0.15	-0.398278	0.0613038	0.000120657	0.000165913	0.0195399
5	0.1	-0.396939	0.0551899	0.000111916	0.000180236	0.0190422
5	0.05	-0.391191	0.0524888	0.000100207	0.000142898	0.0132642
5	1.38778e-17	-0.3954	0.0596126	0.00010158	0.000195359	-0.0042819
5	-0.05	-0.397438	0.0578713	0.000112727	0.000195863	-0.0120188
5	-0.1	-0.394412	0.0585999	0.0001142	0.000195446	-0.0184812
5	-0.15	-0.39701	0.0634462	0.000101347	0.000217936	-0.0274274
5	-0.2	-0.402641	0.0604405	0.000107557	0.000157688	-0.0242431
7	-0.2	-0.354117	0.0570963	5.35569e-05	0.000119784	-0.0232346
7	-0.15	-0.351482	0.0541572	4.74607e-05	0.000108626	-0.0104609
7	-0.1	-0.348004	0.0546454	4.95816e-05	0.000101874	-0.0106796
7	-0.05	-0.344078	0.0515759	4.65683e-05	0.000101338	-0.00297604
7	-1.38778e-17	-0.34788	0.0510546	4.97965e-05	9.97121e-05	-0.00215834
7	0.05	-0.349666	0.0504242	4.59534e-05	0.000113314	0.00593
7	0.1	-0.353826	0.0546573	4.93554e-05	0.000114237	0.00842025
7	0.15	-0.347854	0.0533904	5.80121e-05	0.000111286	0.0229539
7	0.2	-0.358724	0.0592225	5.57975e-05	0.00013093	0.0269309
7	0.2	-0.349246	0.0514424	4.97338e-05	0.000100617	0.0196256
7	0.15	-0.355077	0.0576938	4.68777e-05	0.000139371	0.0242084
7	0.1	-0.355437	0.0511556	5.30139e-05	0.000111383	0.00880826
7	0.05	-0.349662	0.0533826	4.89384e-05	0.000110537	0.00758971
7	1.38778e-17	-0.346217	0.0552604	5.25075e-05	0.000119735	0.00110612
7	-0.05	-0.351728	0.0530782	4.97997e-05	0.000106037	-0.012019
7	-0.1	-0.352292	0.0512027	6.13107e-05	0.000108593	-0.00429368
7	-0.15	-0.355707	0.0533224	5.42594e-05	0.000114237	-0.0156727
7	-0.2	-0.353125	0.0578189	5.38507e-05	0.000127648	-0.0247432
10	-0.2	-0.302532	0.0550971	2.71726e-05	7.29238e-05	-0.0170385
10	-0.15	-0.306548	0.0521203	2.48996e-05	7.61103e-05	-0.0154137
10	-0.1	-0.305789	0.0501128	2.67686e-05	6.34359e-05	-0.0121547
10	-0.05	-0.308022	0.0503428	2.13984e-05	7.11024e-05	-0.0122279
10	-1.38778e-17	-0.312725	0.050914	2.46177e-05	6.5785e-05	0.00314327
10	0.05	-0.311677	0.0492071	2.53931e-05	6.22075e-05	0.00413385
10	0.1	-0.311041	0.0480557	2.18092e-05	6.10286e-05	0.00400651
10	0.15	-0.315139	0.0490825	2.41055e-05	6.95749e-05	0.00581629
10	0.2	-0.313973	0.0501235	2.38306e-05	8.22122e-05	0.0138418
10	0.2	-0.31351	0.0499994	2.53964e-05	6.76001e-05	0.0152109
10	0.15	-0.302556	0.0476083	2.41936e-05	6.12053e-05	0.00781782
10	0.1	-0.301244	0.0478191	2.48028e-05	6.07331e-05	0.00458468
10	0.05	-0.303714	0.0464855	2.48482e-05	6.04829e-05	0.00147497
10	1.38778e-17	-0.310943	0.0496115	2.34802e-05	6.38527e-05	-0.00463755
10	-0.05	-0.309195	0.0506034	2.26536e-05	6.29797e-05	-0.0076099
10	-0.1	-0.3028	0.0471641	2.70188e-05	5.81641e-05	-0.00452867
10	-0.15	-0.305979	0.049813	2.62603e-05	6.82102e-05	-0.00572292
10	-0.2	-0.307173	0.0495546	2.62665e-05	6.67004e-05	-0.0112555
